a1,a2,a3,a4,a5,h1,h2,h3,h4,h5,period,time,team,etype,assist,away,block,entered,home,left,num,opponent,outof,player,points,possession,reason,result,steal,type,x,y
Devin Harris,Dirk Nowitzki,Erick Dampier,Jason Terry,Josh Howard,Cedric Simmons,Chris Paul,Desmond Mason,Rasual Butler,Tyson Chandler,1,12:00,OFF,jump ball,,Erick Dampier,,,Tyson Chandler,,,,,,,Dirk Nowitzki,,,,,,
Devin Harris,Dirk Nowitzki,Erick Dampier,Jason Terry,Josh Howard,Cedric Simmons,Chris Paul,Desmond Mason,Rasual Butler,Tyson Chandler,1,11:43,DAL,shot,Devin Harris,,,,,,,,,Jason Terry,2,,,made,,jump,39,17
Devin Harris,Dirk Nowitzki,Erick Dampier,Jason Terry,Josh Howard,Cedric Simmons,Chris Paul,Desmond Mason,Rasual Butler,Tyson Chandler,1,11:29,NOK,shot,,,,,,,,,,Desmond Mason,,,,missed,,jump,32,13
Devin Harris,Dirk Nowitzki,Erick Dampier,Jason Terry,Josh Howard,Cedric Simmons,Chris Paul,Desmond Mason,Rasual Butler,Tyson Chandler,1,11:27,DAL,rebound,,,,,,,,,,Erick Dampier,,,,,,def,,
Devin Harris,Dirk Nowitzki,Erick Dampier,Jason Terry,Josh Howard,Cedric Simmons,Chris Paul,Desmond Mason,Rasual Butler,Tyson Chandler,1,11:07,DAL,shot,,,,,,,,,,Josh Howard,,,,missed,,jump,3,12
Devin Harris,Dirk Nowitzki,Erick Dampier,Jason Terry,Josh Howard,Cedric Simmons,Chris Paul,Desmond Mason,Rasual Butler,Tyson Chandler,1,11:04,DAL,rebound,,,,,,,,,,Erick Dampier,,,,,,off,,
Devin Harris,Dirk Nowitzki,Erick Dampier,Jason Terry,Josh Howard,Cedric Simmons,Chris Paul,Desmond Mason,Rasual Butler,Tyson Chandler,1,11:02,DAL,shot,,,,,,,,,,Erick Dampier,2,,,made,,jump bank,23,15
Devin Harris,Dirk Nowitzki,Erick Dampier,Jason Terry,Josh Howard,Cedric Simmons,Chris Paul,Desmond Mason,Rasual Butler,Tyson Chandler,1,10:46,NOK,shot,,,,,,,,,,Cedric Simmons,,,,missed,,jump,12,17
Devin Harris,Dirk Nowitzki,Erick Dampier,Jason Terry,Josh Howard,Cedric Simmons,Chris Paul,Desmond Mason,Rasual Butler,Tyson Chandler,1,10:45,DAL,rebound,,,,,,,,,,Erick Dampier,,,,,,def,,
Devin Harris,Dirk Nowitzki,Erick Dampier,Jason Terry,Josh Howard,Cedric Simmons,Chris Paul,Desmond Mason,Rasual Butler,Tyson Chandler,1,10:26,DAL,shot,,,,,,,,,,Devin Harris,2,,,made,,driving layup,25,6
Devin Harris,Dirk Nowitzki,Erick Dampier,Jason Terry,Josh Howard,Cedric Simmons,Chris Paul,Desmond Mason,Rasual Butler,Tyson Chandler,1,10:26,NOK,foul,,,,,,,,Devin Harris,,Desmond Mason,,,,,,shooting,,
Devin Harris,Dirk Nowitzki,Erick Dampier,Jason Terry,Josh Howard,Cedric Simmons,Chris Paul,Desmond Mason,Rasual Butler,Tyson Chandler,1,10:26,DAL,free throw,,,,,,,1,,1,Devin Harris,,,foul,made,,,,
Devin Harris,Dirk Nowitzki,Erick Dampier,Jason Terry,Josh Howard,Cedric Simmons,Chris Paul,Desmond Mason,Rasual Butler,Tyson Chandler,1,10:05,NOK,shot,,,Josh Howard,,,,,,,Desmond Mason,,,,missed,,hook,29,14
Devin Harris,Dirk Nowitzki,Erick Dampier,Jason Terry,Josh Howard,Cedric Simmons,Chris Paul,Desmond Mason,Rasual Butler,Tyson Chandler,1,10:04,DAL,rebound,,,,,,,,,,Josh Howard,,,,,,def,,
Devin Harris,Dirk Nowitzki,Erick Dampier,Jason Terry,Josh Howard,Cedric Simmons,Chris Paul,Desmond Mason,Rasual Butler,Tyson Chandler,1,9:58,DAL,shot,,,,,,,,,,Josh Howard,2,,,made,,jump,20,11
Devin Harris,Dirk Nowitzki,Erick Dampier,Jason Terry,Josh Howard,Cedric Simmons,Chris Paul,Desmond Mason,Rasual Butler,Tyson Chandler,1,9:52,NOK,timeout,,,,,,,,,,,,,,,,regular,,
Devin Harris,Dirk Nowitzki,Erick Dampier,Jason Terry,Josh Howard,Cedric Simmons,Chris Paul,Desmond Mason,Rasual Butler,Tyson Chandler,1,9:35,NOK,shot,,,,,,,,,,Cedric Simmons,,,,missed,,jump,30,11
Devin Harris,Dirk Nowitzki,Erick Dampier,Jason Terry,Josh Howard,Cedric Simmons,Chris Paul,Desmond Mason,Rasual Butler,Tyson Chandler,1,9:33,DAL,rebound,,,,,,,,,,Jason Terry,,,,,,def,,
Devin Harris,Dirk Nowitzki,Erick Dampier,Jason Terry,Josh Howard,Cedric Simmons,Chris Paul,Desmond Mason,Rasual Butler,Tyson Chandler,1,9:29,DAL,shot,,,Tyson Chandler,,,,,,,Devin Harris,,,,missed,,layup,25,6
Devin Harris,Dirk Nowitzki,Erick Dampier,Jason Terry,Josh Howard,Cedric Simmons,Chris Paul,Desmond Mason,Rasual Butler,Tyson Chandler,1,9:28,DAL,rebound,,,,,,,,,,Josh Howard,,,,,,off,,
Devin Harris,Dirk Nowitzki,Erick Dampier,Jason Terry,Josh Howard,Cedric Simmons,Chris Paul,Desmond Mason,Rasual Butler,Tyson Chandler,1,9:27,DAL,shot,,,,,,,,,,Josh Howard,2,,,made,,layup,25,6
Devin Harris,Dirk Nowitzki,Erick Dampier,Jason Terry,Josh Howard,Cedric Simmons,Chris Paul,Desmond Mason,Rasual Butler,Tyson Chandler,1,9:17,DAL,foul,,,,,,,,Chris Paul,,Devin Harris,,,,,,personal,,
Devin Harris,Dirk Nowitzki,Erick Dampier,Jason Terry,Josh Howard,Cedric Simmons,Chris Paul,Desmond Mason,Rasual Butler,Tyson Chandler,1,9:05,NOK,shot,,,,,,,,,,Chris Paul,2,,,made,,fade away,13,11
Devin Harris,Dirk Nowitzki,Erick Dampier,Jason Terry,Josh Howard,Cedric Simmons,Chris Paul,Desmond Mason,Rasual Butler,Tyson Chandler,1,8:39,DAL,shot,,,,,,,,,,Josh Howard,,,,missed,,jump,11,29
Devin Harris,Dirk Nowitzki,Erick Dampier,Jason Terry,Josh Howard,Cedric Simmons,Chris Paul,Desmond Mason,Rasual Butler,Tyson Chandler,1,8:36,NOK,rebound,,,,,,,,,,Chris Paul,,,,,,def,,
Devin Harris,Dirk Nowitzki,Erick Dampier,Jason Terry,Josh Howard,Cedric Simmons,Chris Paul,Desmond Mason,Rasual Butler,Tyson Chandler,1,8:24,NOK,shot,Desmond Mason,,,,,,,,,Tyson Chandler,2,,,made,,layup,25,6
Devin Harris,Dirk Nowitzki,Erick Dampier,Jason Terry,Josh Howard,Cedric Simmons,Chris Paul,Desmond Mason,Rasual Butler,Tyson Chandler,1,8:24,DAL,foul,,,,,,,,Tyson Chandler,,Jason Terry,,,,,,shooting,,
Devin Harris,Dirk Nowitzki,Erick Dampier,Jason Terry,Josh Howard,Cedric Simmons,Chris Paul,Desmond Mason,Rasual Butler,Tyson Chandler,1,8:24,NOK,free throw,,,,,,,1,,1,Tyson Chandler,,,foul,missed,,,,
Devin Harris,Dirk Nowitzki,Erick Dampier,Jason Terry,Josh Howard,Cedric Simmons,Chris Paul,Desmond Mason,Rasual Butler,Tyson Chandler,1,8:23,DAL,rebound,,,,,,,,,,Erick Dampier,,,,,,def,,
Devin Harris,Dirk Nowitzki,Erick Dampier,Jason Terry,Josh Howard,Cedric Simmons,Chris Paul,Desmond Mason,Rasual Butler,Tyson Chandler,1,8:03,DAL,shot,Dirk Nowitzki,,,,,,,,,Devin Harris,2,,,made,,jump,23,22
Devin Harris,Dirk Nowitzki,Erick Dampier,Jason Terry,Josh Howard,Cedric Simmons,Chris Paul,Desmond Mason,Rasual Butler,Tyson Chandler,1,7:49,NOK,shot,,,,,,,,,,Cedric Simmons,,,,missed,,dunk,25,6
Devin Harris,Dirk Nowitzki,Erick Dampier,Jason Terry,Josh Howard,Cedric Simmons,Chris Paul,Desmond Mason,Rasual Butler,Tyson Chandler,1,7:49,OFF,jump ball,,Erick Dampier,,,Tyson Chandler,,,,,,,Chris Paul,,,,,,
Devin Harris,Dirk Nowitzki,Erick Dampier,Jason Terry,Josh Howard,Cedric Simmons,Chris Paul,Desmond Mason,Rasual Butler,Tyson Chandler,1,7:49,NOK,rebound,,,,,,,,,,,,,,,,,,
Devin Harris,Dirk Nowitzki,Erick Dampier,Jason Terry,Josh Howard,Cedric Simmons,Chris Paul,Desmond Mason,Rasual Butler,Tyson Chandler,1,7:29,DAL,foul,,,,,,,,Desmond Mason,,Josh Howard,,,,,,shooting,,
Devin Harris,Dirk Nowitzki,Erick Dampier,Jason Terry,Josh Howard,Cedric Simmons,Chris Paul,Desmond Mason,Rasual Butler,Tyson Chandler,1,7:29,NOK,free throw,,,,,,,1,,2,Desmond Mason,,,foul,missed,,,,
Devin Harris,Dirk Nowitzki,Erick Dampier,Jason Terry,Josh Howard,Cedric Simmons,Chris Paul,Desmond Mason,Rasual Butler,Tyson Chandler,1,7:29,NOK,rebound,,,,,,,,,,,,,,,,,,
Devin Harris,Dirk Nowitzki,Erick Dampier,Jason Terry,Josh Howard,Cedric Simmons,Chris Paul,Desmond Mason,Rasual Butler,Tyson Chandler,1,7:29,NOK,free throw,,,,,,,2,,2,Desmond Mason,,,foul,missed,,,,
Devin Harris,Dirk Nowitzki,Erick Dampier,Jason Terry,Josh Howard,Cedric Simmons,Chris Paul,Desmond Mason,Rasual Butler,Tyson Chandler,1,7:29,DAL,rebound,,,,,,,,,,,,,,,,,,
Devin Harris,Dirk Nowitzki,Erick Dampier,Jason Terry,Josh Howard,Cedric Simmons,Chris Paul,Desmond Mason,Rasual Butler,Tyson Chandler,1,7:27,NOK,foul,,,,,,,,Josh Howard,,Cedric Simmons,,,,,,loose ball,,
Devin Harris,Dirk Nowitzki,Erick Dampier,Jason Terry,Josh Howard,Cedric Simmons,Chris Paul,Desmond Mason,Rasual Butler,Tyson Chandler,1,7:14,DAL,shot,,,,,,,,,,Erick Dampier,,,,missed,,hook,23,11
Devin Harris,Dirk Nowitzki,Erick Dampier,Jason Terry,Josh Howard,Cedric Simmons,Chris Paul,Desmond Mason,Rasual Butler,Tyson Chandler,1,7:11,NOK,rebound,,,,,,,,,,Tyson Chandler,,,,,,def,,
Devin Harris,Dirk Nowitzki,Erick Dampier,Jason Terry,Josh Howard,Cedric Simmons,Chris Paul,Desmond Mason,Rasual Butler,Tyson Chandler,1,7:04,NOK,shot,,,,,,,,,,Chris Paul,,,,missed,,jump,15,22
Devin Harris,Dirk Nowitzki,Erick Dampier,Jason Terry,Josh Howard,Cedric Simmons,Chris Paul,Desmond Mason,Rasual Butler,Tyson Chandler,1,7:02,DAL,rebound,,,,,,,,,,Devin Harris,,,,,,def,,
Devin Harris,Dirk Nowitzki,Erick Dampier,Jason Terry,Josh Howard,Cedric Simmons,Chris Paul,Desmond Mason,Rasual Butler,Tyson Chandler,1,6:57,DAL,shot,,,,,,,,,,Dirk Nowitzki,,,,missed,,jump,9,26
Devin Harris,Dirk Nowitzki,Erick Dampier,Jason Terry,Josh Howard,Cedric Simmons,Chris Paul,Desmond Mason,Rasual Butler,Tyson Chandler,1,6:54,NOK,rebound,,,,,,,,,,Tyson Chandler,,,,,,def,,
Devin Harris,Dirk Nowitzki,Erick Dampier,Jason Terry,Josh Howard,Cedric Simmons,Chris Paul,Desmond Mason,Rasual Butler,Tyson Chandler,1,6:50,NOK,shot,,,,,,,,,,Chris Paul,2,,,made,,layup,25,6
Devin Harris,Dirk Nowitzki,Erick Dampier,Jason Terry,Josh Howard,Cedric Simmons,Chris Paul,Desmond Mason,Rasual Butler,Tyson Chandler,1,6:31,DAL,shot,,,,,,,,,,Jason Terry,,,,missed,,jump,2,6
Devin Harris,Dirk Nowitzki,Erick Dampier,Jason Terry,Josh Howard,Cedric Simmons,Chris Paul,Desmond Mason,Rasual Butler,Tyson Chandler,1,6:28,NOK,rebound,,,,,,,,,,Rasual Butler,,,,,,def,,
Devin Harris,Dirk Nowitzki,Erick Dampier,Jason Terry,Josh Howard,Cedric Simmons,Chris Paul,Desmond Mason,Rasual Butler,Tyson Chandler,1,6:16,NOK,shot,Chris Paul,,,,,,,,,Rasual Butler,2,,,made,,jump,40,6
Devin Harris,Dirk Nowitzki,Erick Dampier,Jason Terry,Josh Howard,Cedric Simmons,Chris Paul,Desmond Mason,Rasual Butler,Tyson Chandler,1,6:08,DAL,shot,,,,,,,,,,Jason Terry,,,,missed,,jump,39,19
Devin Harris,Dirk Nowitzki,Erick Dampier,Jason Terry,Josh Howard,Cedric Simmons,Chris Paul,Desmond Mason,Rasual Butler,Tyson Chandler,1,6:06,NOK,rebound,,,,,,,,,,Chris Paul,,,,,,def,,
Devin Harris,Dirk Nowitzki,Erick Dampier,Jason Terry,Josh Howard,Cedric Simmons,Chris Paul,Desmond Mason,Rasual Butler,Tyson Chandler,1,5:46,NOK,shot,,,,,,,,,,Chris Paul,,,,missed,,jump,38,21
Devin Harris,Dirk Nowitzki,Erick Dampier,Jason Terry,Josh Howard,Cedric Simmons,Chris Paul,Desmond Mason,Rasual Butler,Tyson Chandler,1,5:45,DAL,rebound,,,,,,,,,,Devin Harris,,,,,,def,,
Devin Harris,Dirk Nowitzki,Erick Dampier,Jason Terry,Josh Howard,Cedric Simmons,Chris Paul,Desmond Mason,Rasual Butler,Tyson Chandler,1,5:28,DAL,shot,,,Rasual Butler,,,,,,,Dirk Nowitzki,,,,missed,,jump,30,23
Devin Harris,Dirk Nowitzki,Erick Dampier,Jason Terry,Josh Howard,Cedric Simmons,Chris Paul,Desmond Mason,Rasual Butler,Tyson Chandler,1,5:27,NOK,rebound,,,,,,,,,,Tyson Chandler,,,,,,def,,
Devin Harris,Dirk Nowitzki,Erick Dampier,Jason Terry,Josh Howard,Cedric Simmons,Chris Paul,Desmond Mason,Rasual Butler,Tyson Chandler,1,5:17,NOK,shot,,,,,,,,,,Cedric Simmons,,,,missed,,jump,18,22
Devin Harris,Dirk Nowitzki,Erick Dampier,Jason Terry,Josh Howard,Cedric Simmons,Chris Paul,Desmond Mason,Rasual Butler,Tyson Chandler,1,5:16,DAL,rebound,,,,,,,,,,Josh Howard,,,,,,def,,
Devin Harris,Dirk Nowitzki,Erick Dampier,Jason Terry,Josh Howard,Cedric Simmons,Chris Paul,Desmond Mason,Rasual Butler,Tyson Chandler,1,4:55,DAL,shot,,,,,,,,,,Devin Harris,,,,missed,,layup,25,6
Devin Harris,Dirk Nowitzki,Erick Dampier,Jason Terry,Josh Howard,Cedric Simmons,Chris Paul,Desmond Mason,Rasual Butler,Tyson Chandler,1,4:54,NOK,rebound,,,,,,,,,,Chris Paul,,,,,,def,,
Devin Harris,Dirk Nowitzki,Erick Dampier,Jason Terry,Josh Howard,Cedric Simmons,Chris Paul,Desmond Mason,Rasual Butler,Tyson Chandler,1,4:47,NOK,shot,,,,,,,,,,Chris Paul,2,,,made,,driving layup,25,6
Devin Harris,Dirk Nowitzki,Erick Dampier,Jason Terry,Josh Howard,Cedric Simmons,Chris Paul,Desmond Mason,Rasual Butler,Tyson Chandler,1,4:39,DAL,timeout,,,,,,,,,,,,,,,,regular,,
Devin Harris,Dirk Nowitzki,Erick Dampier,Jason Terry,Josh Howard,Chris Paul,Desmond Mason,Jannero Pargo,Rasual Butler,Tyson Chandler,1,4:39,NOK,sub,,,,Jannero Pargo,,Cedric Simmons,,,,,,,,,,,,
DeSagana Diop,Devin Harris,Dirk Nowitzki,Jason Terry,Josh Howard,Chris Paul,Desmond Mason,Jannero Pargo,Rasual Butler,Tyson Chandler,1,4:39,DAL,sub,,,,DeSagana Diop,,Erick Dampier,,,,,,,,,,,,
DeSagana Diop,Dirk Nowitzki,Jason Terry,Jerry Stackhouse,Josh Howard,Chris Paul,Desmond Mason,Jannero Pargo,Rasual Butler,Tyson Chandler,1,4:39,DAL,sub,,,,Jerry Stackhouse,,Devin Harris,,,,,,,,,,,,
DeSagana Diop,Dirk Nowitzki,Jason Terry,Jerry Stackhouse,Josh Howard,Chris Paul,Desmond Mason,Jannero Pargo,Rasual Butler,Tyson Chandler,1,4:29,DAL,shot,,,,,,,,,,Jerry Stackhouse,,,,missed,,jump,48,8
DeSagana Diop,Dirk Nowitzki,Jason Terry,Jerry Stackhouse,Josh Howard,Chris Paul,Desmond Mason,Jannero Pargo,Rasual Butler,Tyson Chandler,1,4:27,DAL,rebound,,,,,,,,,,Dirk Nowitzki,,,,,,off,,
DeSagana Diop,Dirk Nowitzki,Jason Terry,Jerry Stackhouse,Josh Howard,Chris Paul,Desmond Mason,Jannero Pargo,Rasual Butler,Tyson Chandler,1,4:25,DAL,shot,,,,,,,,,,Dirk Nowitzki,2,,,made,,layup,25,6
DeSagana Diop,Dirk Nowitzki,Jason Terry,Jerry Stackhouse,Josh Howard,Chris Paul,Desmond Mason,Jannero Pargo,Rasual Butler,Tyson Chandler,1,4:05,NOK,shot,,,,,,,,,,Rasual Butler,,,,missed,,jump,5,12
DeSagana Diop,Dirk Nowitzki,Jason Terry,Jerry Stackhouse,Josh Howard,Chris Paul,Desmond Mason,Jannero Pargo,Rasual Butler,Tyson Chandler,1,4:03,DAL,rebound,,,,,,,,,,Jerry Stackhouse,,,,,,def,,
DeSagana Diop,Dirk Nowitzki,Jason Terry,Jerry Stackhouse,Josh Howard,Chris Paul,Desmond Mason,Jannero Pargo,Rasual Butler,Tyson Chandler,1,3:47,DAL,shot,,,,,,,,,,Jason Terry,,,,missed,,layup,25,6
DeSagana Diop,Dirk Nowitzki,Jason Terry,Jerry Stackhouse,Josh Howard,Chris Paul,Desmond Mason,Jannero Pargo,Rasual Butler,Tyson Chandler,1,3:45,NOK,rebound,,,,,,,,,,Jannero Pargo,,,,,,def,,
DeSagana Diop,Dirk Nowitzki,Jason Terry,Jerry Stackhouse,Josh Howard,Chris Paul,Desmond Mason,Jannero Pargo,Rasual Butler,Tyson Chandler,1,3:36,NOK,shot,,,DeSagana Diop,,,,,,,Rasual Butler,,,,missed,,layup,25,6
DeSagana Diop,Dirk Nowitzki,Jason Terry,Jerry Stackhouse,Josh Howard,Chris Paul,Desmond Mason,Jannero Pargo,Rasual Butler,Tyson Chandler,1,3:34,DAL,rebound,,,,,,,,,,Jason Terry,,,,,,def,,
DeSagana Diop,Dirk Nowitzki,Jason Terry,Jerry Stackhouse,Josh Howard,Chris Paul,Desmond Mason,Jannero Pargo,Rasual Butler,Tyson Chandler,1,3:30,DAL,turnover,,,,,,,,,,Jason Terry,,,lost ball possession,,,,,
DeSagana Diop,Dirk Nowitzki,Jason Terry,Jerry Stackhouse,Josh Howard,Chris Paul,Desmond Mason,Jannero Pargo,Rasual Butler,Tyson Chandler,1,3:25,NOK,shot,,,,,,,,,,Chris Paul,2,,,made,,jump,31,15
DeSagana Diop,Dirk Nowitzki,Jason Terry,Jerry Stackhouse,Josh Howard,Chris Paul,Desmond Mason,Jannero Pargo,Rasual Butler,Tyson Chandler,1,3:04,DAL,shot,,,,,,,,,,Jason Terry,,,,missed,,jump,47,9
DeSagana Diop,Dirk Nowitzki,Jason Terry,Jerry Stackhouse,Josh Howard,Chris Paul,Desmond Mason,Jannero Pargo,Rasual Butler,Tyson Chandler,1,3:01,NOK,rebound,,,,,,,,,,Chris Paul,,,,,,def,,
DeSagana Diop,Dirk Nowitzki,Jason Terry,Jerry Stackhouse,Josh Howard,Chris Paul,Desmond Mason,Jannero Pargo,Rasual Butler,Tyson Chandler,1,2:52,NOK,shot,,,,,,,,,,Jannero Pargo,,,,missed,,jump,35,22
DeSagana Diop,Dirk Nowitzki,Jason Terry,Jerry Stackhouse,Josh Howard,Chris Paul,Desmond Mason,Jannero Pargo,Rasual Butler,Tyson Chandler,1,2:50,DAL,rebound,,,,,,,,,,Dirk Nowitzki,,,,,,def,,
DeSagana Diop,Dirk Nowitzki,Jason Terry,Jerry Stackhouse,Josh Howard,Chris Paul,Desmond Mason,Jannero Pargo,Rasual Butler,Tyson Chandler,1,2:29,DAL,shot,,,,,,,,,,Dirk Nowitzki,,,,missed,,jump,32,22
DeSagana Diop,Dirk Nowitzki,Jason Terry,Jerry Stackhouse,Josh Howard,Chris Paul,Desmond Mason,Jannero Pargo,Rasual Butler,Tyson Chandler,1,2:27,DAL,rebound,,,,,,,,,,Josh Howard,,,,,,off,,
DeSagana Diop,Dirk Nowitzki,Jason Terry,Jerry Stackhouse,Josh Howard,Chris Paul,Desmond Mason,Jannero Pargo,Rasual Butler,Tyson Chandler,1,2:26,DAL,shot,,,,,,,,,,Josh Howard,2,,,made,,layup,25,6
DeSagana Diop,Dirk Nowitzki,Jason Terry,Jerry Stackhouse,Josh Howard,Chris Paul,Desmond Mason,Jannero Pargo,Rasual Butler,Tyson Chandler,1,2:17,NOK,shot,,,,,,,,,,Chris Paul,,,,missed,,jump,28,10
DeSagana Diop,Dirk Nowitzki,Jason Terry,Jerry Stackhouse,Josh Howard,Chris Paul,Desmond Mason,Jannero Pargo,Rasual Butler,Tyson Chandler,1,2:15,DAL,rebound,,,,,,,,,,Dirk Nowitzki,,,,,,def,,
DeSagana Diop,Dirk Nowitzki,Jason Terry,Jerry Stackhouse,Josh Howard,Chris Paul,Desmond Mason,Jannero Pargo,Rasual Butler,Tyson Chandler,1,1:59,DAL,shot,Jerry Stackhouse,,,,,,,,,DeSagana Diop,2,,,made,,layup,25,6
DeSagana Diop,Dirk Nowitzki,Jason Terry,Jerry Stackhouse,Josh Howard,Chris Paul,Desmond Mason,Jannero Pargo,Rasual Butler,Tyson Chandler,1,1:34,NOK,shot,,,,,,,,,,Desmond Mason,2,,,made,,layup,25,6
DeSagana Diop,Dirk Nowitzki,Jason Terry,Jerry Stackhouse,Josh Howard,Chris Paul,Desmond Mason,Jannero Pargo,Rasual Butler,Tyson Chandler,1,1:13,DAL,shot,,,,,,,,,,Jerry Stackhouse,2,,,made,,jump,47,8
DeSagana Diop,Dirk Nowitzki,Jason Terry,Jerry Stackhouse,Josh Howard,Chris Paul,Desmond Mason,Jannero Pargo,Rasual Butler,Tyson Chandler,1,1:03,DAL,foul,,,,,,,,Desmond Mason,,DeSagana Diop,,,,,,shooting,,
DeSagana Diop,Devin Harris,Dirk Nowitzki,Jerry Stackhouse,Josh Howard,Chris Paul,Desmond Mason,Jannero Pargo,Rasual Butler,Tyson Chandler,1,1:03,DAL,sub,,,,Devin Harris,,Jason Terry,,,,,,,,,,,,
DeSagana Diop,Devin Harris,Dirk Nowitzki,Jerry Stackhouse,Josh Howard,Chris Paul,Desmond Mason,Jannero Pargo,Marc Jackson,Rasual Butler,1,1:03,NOK,sub,,,,Marc Jackson,,Tyson Chandler,,,,,,,,,,,,
DeSagana Diop,Devin Harris,Dirk Nowitzki,Jerry Stackhouse,Josh Howard,Chris Paul,Desmond Mason,Jannero Pargo,Marc Jackson,Rasual Butler,1,1:03,NOK,free throw,,,,,,,1,,2,Desmond Mason,,,foul,made,,,,
DeSagana Diop,Devin Harris,Dirk Nowitzki,Jerry Stackhouse,Josh Howard,Chris Paul,Desmond Mason,Jannero Pargo,Marc Jackson,Rasual Butler,1,1:03,NOK,free throw,,,,,,,2,,2,Desmond Mason,,,foul,made,,,,
DeSagana Diop,Devin Harris,Dirk Nowitzki,Jerry Stackhouse,Josh Howard,Chris Paul,Desmond Mason,Jannero Pargo,Marc Jackson,Rasual Butler,1,0:45,DAL,shot,,,,,,,,,,Josh Howard,2,,,made,,jump,21,12
DeSagana Diop,Devin Harris,Dirk Nowitzki,Jerry Stackhouse,Josh Howard,Chris Paul,Desmond Mason,Jannero Pargo,Marc Jackson,Rasual Butler,1,0:23,NOK,shot,,,,,,,,,,Jannero Pargo,,,,missed,,jump,12,28
DeSagana Diop,Devin Harris,Dirk Nowitzki,Jerry Stackhouse,Josh Howard,Chris Paul,Desmond Mason,Jannero Pargo,Marc Jackson,Rasual Butler,1,0:20,DAL,rebound,,,,,,,,,,DeSagana Diop,,,,,,def,,
DeSagana Diop,Devin Harris,Dirk Nowitzki,Jerry Stackhouse,Josh Howard,Chris Paul,Desmond Mason,Jannero Pargo,Marc Jackson,Rasual Butler,1,0:02,NOK,foul,,,,,,,,Josh Howard,,Chris Paul,,,,,,shooting,,
DeSagana Diop,Devin Harris,Dirk Nowitzki,Jerry Stackhouse,Josh Howard,Chris Paul,Desmond Mason,Jannero Pargo,Marc Jackson,Rasual Butler,1,0:02,DAL,free throw,,,,,,,1,,2,Josh Howard,,,foul,made,,,,
DeSagana Diop,Devean George,Devin Harris,Jerry Stackhouse,Josh Howard,Chris Paul,Desmond Mason,Jannero Pargo,Marc Jackson,Rasual Butler,1,0:02,DAL,sub,,,,Devean George,,Dirk Nowitzki,,,,,,,,,,,,
DeSagana Diop,Devean George,Devin Harris,Jerry Stackhouse,Josh Howard,Chris Paul,Desmond Mason,Jannero Pargo,Marc Jackson,Rasual Butler,1,0:02,DAL,free throw,,,,,,,2,,2,Josh Howard,,,foul,made,,,,
DeSagana Diop,Devean George,Devin Harris,Jerry Stackhouse,Josh Howard,Chris Paul,Jannero Pargo,Linton Johnson,Marc Jackson,Rasual Butler,2,11:39,NOK,shot,,,,,,,,,,Rasual Butler,,,,missed,,jump,15,17
DeSagana Diop,Devean George,Devin Harris,Jerry Stackhouse,Josh Howard,Chris Paul,Jannero Pargo,Linton Johnson,Marc Jackson,Rasual Butler,2,11:38,DAL,rebound,,,,,,,,,,,,,,,,,,
DeSagana Diop,Devean George,Devin Harris,Jerry Stackhouse,Josh Howard,Chris Paul,Jannero Pargo,Linton Johnson,Marc Jackson,Rasual Butler,2,11:13,DAL,shot,Josh Howard,,,,,,,,,Devin Harris,2,,,made,,jump,24,30
DeSagana Diop,Devean George,Devin Harris,Jerry Stackhouse,Josh Howard,Chris Paul,Jannero Pargo,Linton Johnson,Marc Jackson,Rasual Butler,2,10:59,NOK,foul,,,,,,,,Devin Harris,,Marc Jackson,,,,,,offensive,,
DeSagana Diop,Devean George,Devin Harris,Jerry Stackhouse,Josh Howard,Chris Paul,Jannero Pargo,Linton Johnson,Marc Jackson,Rasual Butler,2,10:59,NOK,turnover,,,,,,,,,,Marc Jackson,,,foul,,,,,
DeSagana Diop,Devean George,Devin Harris,Jerry Stackhouse,Josh Howard,Chris Paul,Jannero Pargo,Linton Johnson,Marc Jackson,Rasual Butler,2,10:48,DAL,shot,,,,,,,,,,Jerry Stackhouse,,,,missed,,jump,36,8
DeSagana Diop,Devean George,Devin Harris,Jerry Stackhouse,Josh Howard,Chris Paul,Jannero Pargo,Linton Johnson,Marc Jackson,Rasual Butler,2,10:45,NOK,rebound,,,,,,,,,,Linton Johnson,,,,,,def,,
DeSagana Diop,Devean George,Devin Harris,Jerry Stackhouse,Josh Howard,Chris Paul,Jannero Pargo,Linton Johnson,Marc Jackson,Rasual Butler,2,10:35,NOK,shot,,,,,,,,,,Marc Jackson,,,,missed,,jump,35,17
DeSagana Diop,Devean George,Devin Harris,Jerry Stackhouse,Josh Howard,Chris Paul,Jannero Pargo,Linton Johnson,Marc Jackson,Rasual Butler,2,10:34,DAL,rebound,,,,,,,,,,DeSagana Diop,,,,,,def,,
DeSagana Diop,Devean George,Devin Harris,Jerry Stackhouse,Josh Howard,Chris Paul,Jannero Pargo,Linton Johnson,Marc Jackson,Rasual Butler,2,10:14,DAL,shot,,,,,,,,,,Josh Howard,,,,missed,,jump,5,22
DeSagana Diop,Devean George,Devin Harris,Jerry Stackhouse,Josh Howard,Chris Paul,Jannero Pargo,Linton Johnson,Marc Jackson,Rasual Butler,2,10:10,NOK,rebound,,,,,,,,,,Chris Paul,,,,,,def,,
DeSagana Diop,Devean George,Devin Harris,Jerry Stackhouse,Josh Howard,Chris Paul,Jannero Pargo,Linton Johnson,Marc Jackson,Rasual Butler,2,10:08,DAL,foul,,,,,,,,Chris Paul,,Devin Harris,,,,,,personal,,
DeSagana Diop,Devean George,Jason Terry,Jerry Stackhouse,Josh Howard,Chris Paul,Jannero Pargo,Linton Johnson,Marc Jackson,Rasual Butler,2,10:08,DAL,sub,,,,Jason Terry,,Devin Harris,,,,,,,,,,,,
DeSagana Diop,Devean George,Greg Buckner,Jason Terry,Jerry Stackhouse,Chris Paul,Jannero Pargo,Linton Johnson,Marc Jackson,Rasual Butler,2,10:08,DAL,sub,,,,Greg Buckner,,Josh Howard,,,,,,,,,,,,
DeSagana Diop,Devean George,Greg Buckner,Jason Terry,Jerry Stackhouse,Chris Paul,Jannero Pargo,Linton Johnson,Marc Jackson,Rasual Butler,2,9:59,DAL,foul,,,,,,,,Marc Jackson,,Jason Terry,,,,,,shooting,,
DeSagana Diop,Devean George,Greg Buckner,Jason Terry,Jerry Stackhouse,Chris Paul,Jannero Pargo,Linton Johnson,Marc Jackson,Rasual Butler,2,9:59,NOK,free throw,,,,,,,1,,2,Marc Jackson,,,foul,made,,,,
Devean George,Erick Dampier,Greg Buckner,Jason Terry,Jerry Stackhouse,Chris Paul,Jannero Pargo,Linton Johnson,Marc Jackson,Rasual Butler,2,9:59,DAL,sub,,,,Erick Dampier,,DeSagana Diop,,,,,,,,,,,,
Devean George,Erick Dampier,Greg Buckner,Jason Terry,Jerry Stackhouse,Chris Paul,Jannero Pargo,Linton Johnson,Marc Jackson,Rasual Butler,2,9:59,NOK,free throw,,,,,,,2,,2,Marc Jackson,,,foul,made,,,,
Devean George,Erick Dampier,Greg Buckner,Jason Terry,Jerry Stackhouse,Chris Paul,Jannero Pargo,Linton Johnson,Marc Jackson,Rasual Butler,2,9:38,DAL,shot,,,,,,,,,,Devean George,,,,missed,,jump,30,27
Devean George,Erick Dampier,Greg Buckner,Jason Terry,Jerry Stackhouse,Chris Paul,Jannero Pargo,Linton Johnson,Marc Jackson,Rasual Butler,2,9:36,NOK,rebound,,,,,,,,,,Chris Paul,,,,,,def,,
Devean George,Erick Dampier,Greg Buckner,Jason Terry,Jerry Stackhouse,Chris Paul,Jannero Pargo,Linton Johnson,Marc Jackson,Rasual Butler,2,9:31,NOK,shot,Chris Paul,,,,,,,,,Rasual Butler,2,,,made,,jump,43,9
Devean George,Erick Dampier,Greg Buckner,Jason Terry,Jerry Stackhouse,Chris Paul,Jannero Pargo,Linton Johnson,Marc Jackson,Rasual Butler,2,9:09,DAL,shot,,,,,,,,,,Devean George,,,,missed,,jump,48,9
Devean George,Erick Dampier,Greg Buckner,Jason Terry,Jerry Stackhouse,Chris Paul,Jannero Pargo,Linton Johnson,Marc Jackson,Rasual Butler,2,9:07,NOK,rebound,,,,,,,,,,Chris Paul,,,,,,def,,
Devean George,Erick Dampier,Greg Buckner,Jason Terry,Jerry Stackhouse,Chris Paul,Jannero Pargo,Linton Johnson,Marc Jackson,Rasual Butler,2,9:03,NOK,turnover,,,,,,,,,,Chris Paul,,,bad pass,,Jerry Stackhouse,,,
Devean George,Erick Dampier,Greg Buckner,Jason Terry,Jerry Stackhouse,Chris Paul,Jannero Pargo,Linton Johnson,Marc Jackson,Rasual Butler,2,8:58,DAL,turnover,,,,,,,,,,Erick Dampier,,,bad pass,,Linton Johnson,,,
Devean George,Erick Dampier,Greg Buckner,Jason Terry,Jerry Stackhouse,Chris Paul,Jannero Pargo,Linton Johnson,Marc Jackson,Rasual Butler,2,8:55,NOK,shot,Linton Johnson,,,,,,,,,Chris Paul,2,,,made,,dunk,25,6
Devean George,Erick Dampier,Greg Buckner,Jason Terry,Jerry Stackhouse,Chris Paul,Jannero Pargo,Linton Johnson,Marc Jackson,Rasual Butler,2,8:32,DAL,shot,,,Marc Jackson,,,,,,,Jerry Stackhouse,,,,missed,,layup,25,6
Devean George,Erick Dampier,Greg Buckner,Jason Terry,Jerry Stackhouse,Chris Paul,Jannero Pargo,Linton Johnson,Marc Jackson,Rasual Butler,2,8:29,NOK,rebound,,,,,,,,,,Linton Johnson,,,,,,def,,
Devean George,Erick Dampier,Greg Buckner,Jason Terry,Jerry Stackhouse,Chris Paul,Jannero Pargo,Linton Johnson,Marc Jackson,Rasual Butler,2,8:27,NOK,turnover,,,,,,,,,,Linton Johnson,,,discontinue dribble,,,,,
Devean George,Erick Dampier,Greg Buckner,Jason Terry,Jerry Stackhouse,Chris Paul,Jannero Pargo,Linton Johnson,Marc Jackson,Rasual Butler,2,8:27,OFF,timeout,,,,,,,,,,,,,,,,official,,
Devean George,Erick Dampier,Greg Buckner,Jason Terry,Jerry Stackhouse,Chris Paul,Desmond Mason,Jannero Pargo,Linton Johnson,Marc Jackson,2,8:27,NOK,sub,,,,Desmond Mason,,Rasual Butler,,,,,,,,,,,,
Devean George,Dirk Nowitzki,Erick Dampier,Greg Buckner,Jason Terry,Chris Paul,Desmond Mason,Jannero Pargo,Linton Johnson,Marc Jackson,2,8:27,DAL,sub,,,,Dirk Nowitzki,,Jerry Stackhouse,,,,,,,,,,,,
Devean George,Dirk Nowitzki,Erick Dampier,Greg Buckner,Jason Terry,Chris Paul,Desmond Mason,Jannero Pargo,Linton Johnson,Marc Jackson,2,8:16,NOK,foul,,,,,,,,Dirk Nowitzki,,Linton Johnson,,,,,,personal,,
Devean George,Dirk Nowitzki,Erick Dampier,Greg Buckner,Jason Terry,Chris Paul,Desmond Mason,Jannero Pargo,Linton Johnson,Marc Jackson,2,8:01,DAL,shot,,,,,,,,,,Dirk Nowitzki,,,,missed,,jump,38,22
Devean George,Dirk Nowitzki,Erick Dampier,Greg Buckner,Jason Terry,Chris Paul,Desmond Mason,Jannero Pargo,Linton Johnson,Marc Jackson,2,7:59,NOK,rebound,,,,,,,,,,Jannero Pargo,,,,,,def,,
Devean George,Dirk Nowitzki,Erick Dampier,Greg Buckner,Jason Terry,Chris Paul,Desmond Mason,Jannero Pargo,Linton Johnson,Marc Jackson,2,7:53,NOK,shot,,,,,,,,,,Linton Johnson,,,,missed,,jump,44,7
Devean George,Dirk Nowitzki,Erick Dampier,Greg Buckner,Jason Terry,Chris Paul,Desmond Mason,Jannero Pargo,Linton Johnson,Marc Jackson,2,7:51,DAL,rebound,,,,,,,,,,Erick Dampier,,,,,,def,,
Devean George,Dirk Nowitzki,Erick Dampier,Greg Buckner,Jason Terry,Chris Paul,Desmond Mason,Jannero Pargo,Linton Johnson,Marc Jackson,2,7:45,DAL,shot,Jason Terry,,,,,,,,,Greg Buckner,2,,,made,,layup,25,6
Devean George,Dirk Nowitzki,Erick Dampier,Greg Buckner,Jason Terry,Chris Paul,Desmond Mason,Jannero Pargo,Linton Johnson,Marc Jackson,2,7:34,NOK,shot,Chris Paul,,,,,,,,,Marc Jackson,2,,,made,,jump,14,23
Devean George,Dirk Nowitzki,Erick Dampier,Greg Buckner,Jason Terry,Chris Paul,Desmond Mason,Jannero Pargo,Linton Johnson,Marc Jackson,2,7:08,DAL,shot,,,,,,,,,,Dirk Nowitzki,,,,missed,,layup,25,6
Devean George,Dirk Nowitzki,Erick Dampier,Greg Buckner,Jason Terry,Chris Paul,Desmond Mason,Jannero Pargo,Linton Johnson,Marc Jackson,2,7:07,NOK,rebound,,,,,,,,,,Marc Jackson,,,,,,def,,
Devean George,Dirk Nowitzki,Erick Dampier,Greg Buckner,Jason Terry,Chris Paul,Desmond Mason,Jannero Pargo,Linton Johnson,Marc Jackson,2,6:44,NOK,shot,,,,,,,,,,Chris Paul,,,,missed,,jump,43,6
Devean George,Dirk Nowitzki,Erick Dampier,Greg Buckner,Jason Terry,Chris Paul,Desmond Mason,Jannero Pargo,Linton Johnson,Marc Jackson,2,6:43,DAL,rebound,,,,,,,,,,Dirk Nowitzki,,,,,,def,,
Devean George,Dirk Nowitzki,Erick Dampier,Greg Buckner,Jason Terry,Chris Paul,Desmond Mason,Jannero Pargo,Linton Johnson,Marc Jackson,2,6:29,DAL,shot,,,,,,,,,,Jason Terry,2,,,made,,driving finger roll,25,6
Devean George,Dirk Nowitzki,Erick Dampier,Greg Buckner,Jason Terry,Chris Paul,Desmond Mason,Jannero Pargo,Linton Johnson,Marc Jackson,2,6:09,NOK,shot,Chris Paul,,,,,,,,,Marc Jackson,2,,,made,,jump,13,25
Devean George,Dirk Nowitzki,Erick Dampier,Greg Buckner,Jason Terry,Chris Paul,Desmond Mason,Jannero Pargo,Linton Johnson,Marc Jackson,2,5:55,DAL,shot,,,,,,,,,,Jason Terry,2,,,made,,driving dunk,25,6
Devean George,Dirk Nowitzki,Erick Dampier,Greg Buckner,Jason Terry,Chris Paul,Desmond Mason,Jannero Pargo,Linton Johnson,Marc Jackson,2,5:51,NOK,timeout,,,,,,,,,,,,,,,,regular,,
Devean George,Dirk Nowitzki,Erick Dampier,Greg Buckner,Jason Terry,Chris Paul,Desmond Mason,Jannero Pargo,Linton Johnson,Tyson Chandler,2,5:51,NOK,sub,,,,Tyson Chandler,,Marc Jackson,,,,,,,,,,,,
Dirk Nowitzki,Erick Dampier,Greg Buckner,Jason Terry,Josh Howard,Chris Paul,Desmond Mason,Jannero Pargo,Linton Johnson,Tyson Chandler,2,5:51,DAL,sub,,,,Josh Howard,,Devean George,,,,,,,,,,,,
Dirk Nowitzki,Erick Dampier,Greg Buckner,Jason Terry,Josh Howard,Chris Paul,Desmond Mason,Jannero Pargo,Linton Johnson,Tyson Chandler,2,5:36,NOK,shot,,,,,,,,,,Linton Johnson,,,,missed,,jump,38,17
Dirk Nowitzki,Erick Dampier,Greg Buckner,Jason Terry,Josh Howard,Chris Paul,Desmond Mason,Jannero Pargo,Linton Johnson,Tyson Chandler,2,5:35,DAL,rebound,,,,,,,,,,Dirk Nowitzki,,,,,,def,,
Dirk Nowitzki,Erick Dampier,Greg Buckner,Jason Terry,Josh Howard,Chris Paul,Desmond Mason,Jannero Pargo,Linton Johnson,Tyson Chandler,2,5:25,DAL,shot,,,,,,,,,,Jason Terry,,,,missed,,layup,25,6
Dirk Nowitzki,Erick Dampier,Greg Buckner,Jason Terry,Josh Howard,Chris Paul,Desmond Mason,Jannero Pargo,Linton Johnson,Tyson Chandler,2,5:24,NOK,rebound,,,,,,,,,,Linton Johnson,,,,,,def,,
Dirk Nowitzki,Erick Dampier,Greg Buckner,Jason Terry,Josh Howard,Chris Paul,Desmond Mason,Jannero Pargo,Linton Johnson,Tyson Chandler,2,5:17,DAL,foul,,,,,,,,Chris Paul,,Erick Dampier,,,,,,shooting,,
Dirk Nowitzki,Erick Dampier,Greg Buckner,Jason Terry,Josh Howard,Chris Paul,Desmond Mason,Jannero Pargo,Linton Johnson,Tyson Chandler,2,5:17,NOK,free throw,,,,,,,1,,2,Chris Paul,,,foul,missed,,,,
Dirk Nowitzki,Erick Dampier,Greg Buckner,Jason Terry,Josh Howard,Chris Paul,Desmond Mason,Jannero Pargo,Linton Johnson,Tyson Chandler,2,5:17,NOK,rebound,,,,,,,,,,,,,,,,,,
Devin Harris,Dirk Nowitzki,Erick Dampier,Greg Buckner,Josh Howard,Chris Paul,Desmond Mason,Jannero Pargo,Linton Johnson,Tyson Chandler,2,5:17,DAL,sub,,,,Devin Harris,,Jason Terry,,,,,,,,,,,,
Devin Harris,Dirk Nowitzki,Erick Dampier,Greg Buckner,Josh Howard,Chris Paul,Desmond Mason,Jannero Pargo,Linton Johnson,Tyson Chandler,2,5:17,NOK,free throw,,,,,,,2,,2,Chris Paul,,,foul,made,,,,
Devin Harris,Dirk Nowitzki,Erick Dampier,Greg Buckner,Josh Howard,Chris Paul,Desmond Mason,Jannero Pargo,Linton Johnson,Tyson Chandler,2,5:01,DAL,shot,,,,,,,,,,Greg Buckner,,,,missed,,layup,25,6
Devin Harris,Dirk Nowitzki,Erick Dampier,Greg Buckner,Josh Howard,Chris Paul,Desmond Mason,Jannero Pargo,Linton Johnson,Tyson Chandler,2,5:00,NOK,foul,,,,,,,,,,Tyson Chandler,,,,,,hanging technical,,
Devin Harris,Dirk Nowitzki,Erick Dampier,Greg Buckner,Josh Howard,Chris Paul,Desmond Mason,Jannero Pargo,Linton Johnson,Tyson Chandler,2,5:00,DAL,free throw,,,,,,,1,,1,Dirk Nowitzki,,,technical,missed,,,,
Devin Harris,Dirk Nowitzki,Erick Dampier,Greg Buckner,Josh Howard,Chris Paul,Desmond Mason,Jannero Pargo,Linton Johnson,Tyson Chandler,2,5:00,NOK,rebound,,,,,,,,,,,,,,,,,,
Devin Harris,Dirk Nowitzki,Erick Dampier,Greg Buckner,Josh Howard,Chris Paul,Desmond Mason,Linton Johnson,Rasual Butler,Tyson Chandler,2,5:00,NOK,sub,,,,Rasual Butler,,Jannero Pargo,,,,,,,,,,,,
Devin Harris,Dirk Nowitzki,Erick Dampier,Greg Buckner,Josh Howard,Chris Paul,Desmond Mason,Linton Johnson,Rasual Butler,Tyson Chandler,2,5:00,OFF,jump ball,,Erick Dampier,,,Tyson Chandler,,,,,,,NO/Oklahoma C,,,,,,
Devin Harris,Dirk Nowitzki,Erick Dampier,Greg Buckner,Josh Howard,Chris Paul,Desmond Mason,Linton Johnson,Rasual Butler,Tyson Chandler,2,5:00,DAL,violation,,,,,,,,,,Josh Howard,,,,,,jump ball,,
Devin Harris,Dirk Nowitzki,Erick Dampier,Greg Buckner,Josh Howard,Chris Paul,Desmond Mason,Linton Johnson,Rasual Butler,Tyson Chandler,2,5:00,NOK,rebound,,,,,,,,,,,,,,,,,,
Devin Harris,Dirk Nowitzki,Erick Dampier,Greg Buckner,Josh Howard,Chris Paul,Desmond Mason,Linton Johnson,Rasual Butler,Tyson Chandler,2,4:45,NOK,shot,,,,,,,,,,Chris Paul,2,,,made,,jump,12,15
Devin Harris,Dirk Nowitzki,Erick Dampier,Greg Buckner,Josh Howard,Chris Paul,Desmond Mason,Linton Johnson,Rasual Butler,Tyson Chandler,2,4:24,DAL,shot,Dirk Nowitzki,,,,,,,,,Greg Buckner,2,,,made,,jump,45,7
Devin Harris,Dirk Nowitzki,Erick Dampier,Greg Buckner,Josh Howard,Chris Paul,Desmond Mason,Linton Johnson,Rasual Butler,Tyson Chandler,2,4:02,NOK,shot,,,,,,,,,,Rasual Butler,2,,,made,,layup,25,6
Devin Harris,Dirk Nowitzki,Erick Dampier,Greg Buckner,Josh Howard,Chris Paul,Desmond Mason,Linton Johnson,Rasual Butler,Tyson Chandler,2,3:39,DAL,shot,,,,,,,,,,Josh Howard,,,,missed,,jump,7,11
Devin Harris,Dirk Nowitzki,Erick Dampier,Greg Buckner,Josh Howard,Chris Paul,Desmond Mason,Linton Johnson,Rasual Butler,Tyson Chandler,2,3:39,NOK,rebound,,,,,,,,,,,,,,,,,,
Devin Harris,Dirk Nowitzki,Erick Dampier,Greg Buckner,Josh Howard,Chris Paul,Desmond Mason,Linton Johnson,Rasual Butler,Tyson Chandler,2,3:39,DAL,foul,,,,,,,,Rasual Butler,,Erick Dampier,,,,,,loose ball,,
Devin Harris,Dirk Nowitzki,Erick Dampier,Greg Buckner,Josh Howard,Cedric Simmons,Chris Paul,Desmond Mason,Rasual Butler,Tyson Chandler,2,3:39,NOK,sub,,,,Cedric Simmons,,Linton Johnson,,,,,,,,,,,,
DeSagana Diop,Devin Harris,Dirk Nowitzki,Greg Buckner,Josh Howard,Cedric Simmons,Chris Paul,Desmond Mason,Rasual Butler,Tyson Chandler,2,3:39,DAL,sub,,,,DeSagana Diop,,Erick Dampier,,,,,,,,,,,,
DeSagana Diop,Devin Harris,Dirk Nowitzki,Greg Buckner,Josh Howard,Cedric Simmons,Chris Paul,Desmond Mason,Rasual Butler,Tyson Chandler,2,3:22,NOK,shot,,,,,,,,,,Chris Paul,,,,missed,,layup,25,6
DeSagana Diop,Devin Harris,Dirk Nowitzki,Greg Buckner,Josh Howard,Cedric Simmons,Chris Paul,Desmond Mason,Rasual Butler,Tyson Chandler,2,3:20,DAL,rebound,,,,,,,,,,DeSagana Diop,,,,,,def,,
DeSagana Diop,Devin Harris,Dirk Nowitzki,Greg Buckner,Josh Howard,Cedric Simmons,Chris Paul,Desmond Mason,Rasual Butler,Tyson Chandler,2,3:05,DAL,shot,,,,,,,,,,Devin Harris,2,,,made,,jump,40,12
DeSagana Diop,Devin Harris,Dirk Nowitzki,Greg Buckner,Josh Howard,Cedric Simmons,Chris Paul,Desmond Mason,Rasual Butler,Tyson Chandler,2,2:56,NOK,shot,,,,,,,,,,Desmond Mason,,,,missed,,jump,11,10
DeSagana Diop,Devin Harris,Dirk Nowitzki,Greg Buckner,Josh Howard,Cedric Simmons,Chris Paul,Desmond Mason,Rasual Butler,Tyson Chandler,2,2:52,DAL,rebound,,,,,,,,,,Dirk Nowitzki,,,,,,def,,
DeSagana Diop,Devin Harris,Dirk Nowitzki,Greg Buckner,Josh Howard,Cedric Simmons,Chris Paul,Desmond Mason,Rasual Butler,Tyson Chandler,2,2:49,DAL,turnover,,,,,,,,,,Devin Harris,,,lost ball,,Rasual Butler,,,
DeSagana Diop,Devin Harris,Dirk Nowitzki,Greg Buckner,Josh Howard,Cedric Simmons,Chris Paul,Desmond Mason,Rasual Butler,Tyson Chandler,2,2:37,NOK,shot,Chris Paul,,,,,,,,,Rasual Butler,2,,,made,,jump,40,27
DeSagana Diop,Devin Harris,Dirk Nowitzki,Greg Buckner,Josh Howard,Cedric Simmons,Chris Paul,Desmond Mason,Rasual Butler,Tyson Chandler,2,2:21,NOK,foul,,,,,,,,Devin Harris,,Cedric Simmons,,,,,,personal,,
DeSagana Diop,Devin Harris,Dirk Nowitzki,Greg Buckner,Josh Howard,Cedric Simmons,Chris Paul,Desmond Mason,Rasual Butler,Tyson Chandler,2,2:21,DAL,timeout,,,,,,,,,,,,,,,,regular,,
DeSagana Diop,Devin Harris,Dirk Nowitzki,Greg Buckner,Josh Howard,Cedric Simmons,Chris Paul,Desmond Mason,Rasual Butler,Tyson Chandler,2,2:08,DAL,turnover,,,,,,,,,,Josh Howard,,,lost ball,,Desmond Mason,,,
DeSagana Diop,Devin Harris,Dirk Nowitzki,Greg Buckner,Josh Howard,Cedric Simmons,Chris Paul,Desmond Mason,Rasual Butler,Tyson Chandler,2,1:53,NOK,shot,Chris Paul,,,,,,,,,Rasual Butler,2,,,made,,jump,17,23
DeSagana Diop,Devin Harris,Dirk Nowitzki,Greg Buckner,Josh Howard,Cedric Simmons,Chris Paul,Desmond Mason,Rasual Butler,Tyson Chandler,2,1:45,DAL,timeout,,,,,,,,,,,,,,,,short,,
DeSagana Diop,Devin Harris,Dirk Nowitzki,Jerry Stackhouse,Josh Howard,Cedric Simmons,Chris Paul,Desmond Mason,Rasual Butler,Tyson Chandler,2,1:45,DAL,sub,,,,Jerry Stackhouse,,Greg Buckner,,,,,,,,,,,,
DeSagana Diop,Dirk Nowitzki,Jason Terry,Jerry Stackhouse,Josh Howard,Cedric Simmons,Chris Paul,Desmond Mason,Rasual Butler,Tyson Chandler,2,1:45,DAL,sub,,,,Jason Terry,,Devin Harris,,,,,,,,,,,,
DeSagana Diop,Dirk Nowitzki,Jason Terry,Jerry Stackhouse,Josh Howard,Cedric Simmons,Chris Paul,Desmond Mason,Rasual Butler,Tyson Chandler,2,1:39,DAL,shot,,,,,,,,,,Dirk Nowitzki,,,,missed,,jump,16,15
DeSagana Diop,Dirk Nowitzki,Jason Terry,Jerry Stackhouse,Josh Howard,Cedric Simmons,Chris Paul,Desmond Mason,Rasual Butler,Tyson Chandler,2,1:37,NOK,rebound,,,,,,,,,,Tyson Chandler,,,,,,def,,
DeSagana Diop,Dirk Nowitzki,Jason Terry,Jerry Stackhouse,Josh Howard,Cedric Simmons,Chris Paul,Desmond Mason,Rasual Butler,Tyson Chandler,2,1:23,NOK,shot,Desmond Mason,,,,,,,,,Cedric Simmons,2,,,made,,layup,25,6
DeSagana Diop,Dirk Nowitzki,Jason Terry,Jerry Stackhouse,Josh Howard,Cedric Simmons,Chris Paul,Desmond Mason,Rasual Butler,Tyson Chandler,2,1:12,NOK,foul,,,,,,,,DeSagana Diop,,Tyson Chandler,,,,,,personal,,
DeSagana Diop,Devean George,Dirk Nowitzki,Jason Terry,Jerry Stackhouse,Cedric Simmons,Chris Paul,Desmond Mason,Rasual Butler,Tyson Chandler,2,1:12,DAL,sub,,,,Devean George,,Josh Howard,,,,,,,,,,,,
DeSagana Diop,Devean George,Dirk Nowitzki,Jason Terry,Jerry Stackhouse,Cedric Simmons,Chris Paul,Desmond Mason,Rasual Butler,Tyson Chandler,2,1:04,DAL,shot,,,,,,,,,,Dirk Nowitzki,,,,missed,,jump,43,13
DeSagana Diop,Devean George,Dirk Nowitzki,Jason Terry,Jerry Stackhouse,Cedric Simmons,Chris Paul,Desmond Mason,Rasual Butler,Tyson Chandler,2,1:02,DAL,rebound,,,,,,,,,,Devean George,,,,,,off,,
DeSagana Diop,Devean George,Dirk Nowitzki,Jason Terry,Jerry Stackhouse,Cedric Simmons,Chris Paul,Desmond Mason,Rasual Butler,Tyson Chandler,2,1:00,DAL,shot,,,,,,,,,,Devean George,2,,,made,,layup,25,6
DeSagana Diop,Devean George,Dirk Nowitzki,Jason Terry,Jerry Stackhouse,Cedric Simmons,Chris Paul,Desmond Mason,Rasual Butler,Tyson Chandler,2,0:37,NOK,shot,,,,,,,,,,Rasual Butler,2,,,made,,jump,18,19
DeSagana Diop,Devean George,Dirk Nowitzki,Jason Terry,Jerry Stackhouse,Cedric Simmons,Chris Paul,Desmond Mason,Rasual Butler,Tyson Chandler,2,0:22,DAL,shot,,,,,,,,,,Dirk Nowitzki,,,,missed,,layup,25,6
DeSagana Diop,Devean George,Dirk Nowitzki,Jason Terry,Jerry Stackhouse,Cedric Simmons,Chris Paul,Desmond Mason,Rasual Butler,Tyson Chandler,2,0:19,DAL,rebound,,,,,,,,,,Dirk Nowitzki,,,,,,off,,
DeSagana Diop,Devean George,Dirk Nowitzki,Jason Terry,Jerry Stackhouse,Cedric Simmons,Chris Paul,Desmond Mason,Rasual Butler,Tyson Chandler,2,0:15,DAL,shot,,,,,,,,,,Jason Terry,,,,missed,,jump,1,12
DeSagana Diop,Devean George,Dirk Nowitzki,Jason Terry,Jerry Stackhouse,Cedric Simmons,Chris Paul,Desmond Mason,Rasual Butler,Tyson Chandler,2,0:10,NOK,rebound,,,,,,,,,,Desmond Mason,,,,,,def,,
DeSagana Diop,Devean George,Dirk Nowitzki,Jason Terry,Jerry Stackhouse,Cedric Simmons,Chris Paul,Desmond Mason,Rasual Butler,Tyson Chandler,2,0:01,NOK,shot,,,,,,,,,,Chris Paul,,,,missed,,layup,25,6
DeSagana Diop,Devean George,Dirk Nowitzki,Jason Terry,Jerry Stackhouse,Cedric Simmons,Chris Paul,Desmond Mason,Rasual Butler,Tyson Chandler,2,0:00,DAL,rebound,,,,,,,,,,Devean George,,,,,,def,,
Devin Harris,Dirk Nowitzki,Erick Dampier,Jason Terry,Josh Howard,Cedric Simmons,Chris Paul,Desmond Mason,Rasual Butler,Tyson Chandler,3,11:45,NOK,turnover,,,,,,,,,,Desmond Mason,,,lost ball,,Josh Howard,,,
Devin Harris,Dirk Nowitzki,Erick Dampier,Jason Terry,Josh Howard,Cedric Simmons,Chris Paul,Desmond Mason,Rasual Butler,Tyson Chandler,3,11:27,DAL,shot,,,,,,,,,,Josh Howard,,,,missed,,jump,40,10
Devin Harris,Dirk Nowitzki,Erick Dampier,Jason Terry,Josh Howard,Cedric Simmons,Chris Paul,Desmond Mason,Rasual Butler,Tyson Chandler,3,11:24,NOK,rebound,,,,,,,,,,Chris Paul,,,,,,def,,
Devin Harris,Dirk Nowitzki,Erick Dampier,Jason Terry,Josh Howard,Cedric Simmons,Chris Paul,Desmond Mason,Rasual Butler,Tyson Chandler,3,11:13,NOK,shot,Desmond Mason,,,,,,,,,Tyson Chandler,2,,,made,,alley oop dunk,25,6
Devin Harris,Dirk Nowitzki,Erick Dampier,Jason Terry,Josh Howard,Cedric Simmons,Chris Paul,Desmond Mason,Rasual Butler,Tyson Chandler,3,10:53,DAL,shot,Jason Terry,,,,,,,,,Dirk Nowitzki,2,,,made,,jump,38,17
Devin Harris,Dirk Nowitzki,Erick Dampier,Jason Terry,Josh Howard,Cedric Simmons,Chris Paul,Desmond Mason,Rasual Butler,Tyson Chandler,3,10:31,NOK,shot,,,,,,,,,,Rasual Butler,,,,missed,,jump,41,9
Devin Harris,Dirk Nowitzki,Erick Dampier,Jason Terry,Josh Howard,Cedric Simmons,Chris Paul,Desmond Mason,Rasual Butler,Tyson Chandler,3,10:29,DAL,rebound,,,,,,,,,,Dirk Nowitzki,,,,,,def,,
Devin Harris,Dirk Nowitzki,Erick Dampier,Jason Terry,Josh Howard,Cedric Simmons,Chris Paul,Desmond Mason,Rasual Butler,Tyson Chandler,3,10:20,DAL,shot,,,,,,,,,,Dirk Nowitzki,2,,,made,,jump bank,19,11
Devin Harris,Dirk Nowitzki,Erick Dampier,Jason Terry,Josh Howard,Cedric Simmons,Chris Paul,Desmond Mason,Rasual Butler,Tyson Chandler,3,10:07,NOK,shot,,,,,,,,,,Cedric Simmons,,,,missed,,jump,37,20
Devin Harris,Dirk Nowitzki,Erick Dampier,Jason Terry,Josh Howard,Cedric Simmons,Chris Paul,Desmond Mason,Rasual Butler,Tyson Chandler,3,10:06,DAL,rebound,,,,,,,,,,Jason Terry,,,,,,def,,
Devin Harris,Dirk Nowitzki,Erick Dampier,Jason Terry,Josh Howard,Cedric Simmons,Chris Paul,Desmond Mason,Rasual Butler,Tyson Chandler,3,10:03,DAL,shot,Jason Terry,,,,,,,,,Dirk Nowitzki,2,,,made,,layup,25,6
Devin Harris,Dirk Nowitzki,Erick Dampier,Jason Terry,Josh Howard,Cedric Simmons,Chris Paul,Desmond Mason,Rasual Butler,Tyson Chandler,3,9:45,NOK,shot,,,,,,,,,,Rasual Butler,,,,missed,,jump,20,11
Devin Harris,Dirk Nowitzki,Erick Dampier,Jason Terry,Josh Howard,Cedric Simmons,Chris Paul,Desmond Mason,Rasual Butler,Tyson Chandler,3,9:43,DAL,rebound,,,,,,,,,,Erick Dampier,,,,,,def,,
Devin Harris,Dirk Nowitzki,Erick Dampier,Jason Terry,Josh Howard,Cedric Simmons,Chris Paul,Desmond Mason,Rasual Butler,Tyson Chandler,3,9:27,DAL,shot,Jason Terry,,,,,,,,,Erick Dampier,2,,,made,,dunk,25,6
Devin Harris,Dirk Nowitzki,Erick Dampier,Jason Terry,Josh Howard,Cedric Simmons,Chris Paul,Desmond Mason,Rasual Butler,Tyson Chandler,3,9:08,DAL,foul,,,,,,,,Chris Paul,,Devin Harris,,,,,,personal,,
Devin Harris,Dirk Nowitzki,Erick Dampier,Jason Terry,Josh Howard,Cedric Simmons,Chris Paul,Desmond Mason,Rasual Butler,Tyson Chandler,3,8:59,NOK,shot,,,,,,,,,,Chris Paul,2,,,made,,jump,9,10
Devin Harris,Dirk Nowitzki,Erick Dampier,Jason Terry,Josh Howard,Cedric Simmons,Chris Paul,Desmond Mason,Rasual Butler,Tyson Chandler,3,8:48,DAL,foul,,,,,,,,Chris Paul,,Josh Howard,,,,,,offensive,,
Devin Harris,Dirk Nowitzki,Erick Dampier,Jason Terry,Josh Howard,Cedric Simmons,Chris Paul,Desmond Mason,Rasual Butler,Tyson Chandler,3,8:48,DAL,turnover,,,,,,,,,,Josh Howard,,,foul,,,,,
Devin Harris,Dirk Nowitzki,Erick Dampier,Jason Terry,Josh Howard,Cedric Simmons,Chris Paul,Desmond Mason,Rasual Butler,Tyson Chandler,3,8:33,NOK,shot,,,Josh Howard,,,,,,,Desmond Mason,,,,missed,,layup,25,6
Devin Harris,Dirk Nowitzki,Erick Dampier,Jason Terry,Josh Howard,Cedric Simmons,Chris Paul,Desmond Mason,Rasual Butler,Tyson Chandler,3,8:32,DAL,rebound,,,,,,,,,,Josh Howard,,,,,,def,,
Devin Harris,Dirk Nowitzki,Erick Dampier,Jason Terry,Josh Howard,Cedric Simmons,Chris Paul,Desmond Mason,Rasual Butler,Tyson Chandler,3,8:16,DAL,shot,Erick Dampier,,,,,,,,,Dirk Nowitzki,2,,,made,,jump,15,19
Devin Harris,Dirk Nowitzki,Erick Dampier,Jason Terry,Josh Howard,Cedric Simmons,Chris Paul,Desmond Mason,Rasual Butler,Tyson Chandler,3,8:06,NOK,turnover,,,,,,,,,,Chris Paul,,,lost ball,,Devin Harris,,,
Devin Harris,Dirk Nowitzki,Erick Dampier,Jason Terry,Josh Howard,Cedric Simmons,Chris Paul,Desmond Mason,Rasual Butler,Tyson Chandler,3,8:02,DAL,shot,,,,,,,,,,Erick Dampier,,,,missed,,layup,25,6
Devin Harris,Dirk Nowitzki,Erick Dampier,Jason Terry,Josh Howard,Cedric Simmons,Chris Paul,Desmond Mason,Rasual Butler,Tyson Chandler,3,8:01,DAL,rebound,,,,,,,,,,Josh Howard,,,,,,off,,
Devin Harris,Dirk Nowitzki,Erick Dampier,Jason Terry,Josh Howard,Cedric Simmons,Chris Paul,Desmond Mason,Rasual Butler,Tyson Chandler,3,8:00,DAL,shot,,,,,,,,,,Josh Howard,,,,missed,,tip,25,6
Devin Harris,Dirk Nowitzki,Erick Dampier,Jason Terry,Josh Howard,Cedric Simmons,Chris Paul,Desmond Mason,Rasual Butler,Tyson Chandler,3,7:58,DAL,rebound,,,,,,,,,,Jason Terry,,,,,,off,,
Devin Harris,Dirk Nowitzki,Erick Dampier,Jason Terry,Josh Howard,Cedric Simmons,Chris Paul,Desmond Mason,Rasual Butler,Tyson Chandler,3,7:50,DAL,shot,,,,,,,,,,Erick Dampier,,,,missed,,layup,25,6
Devin Harris,Dirk Nowitzki,Erick Dampier,Jason Terry,Josh Howard,Cedric Simmons,Chris Paul,Desmond Mason,Rasual Butler,Tyson Chandler,3,7:50,NOK,rebound,,,,,,,,,,,,,,,,,,
Devin Harris,Dirk Nowitzki,Erick Dampier,Jason Terry,Josh Howard,Cedric Simmons,Chris Paul,Desmond Mason,Rasual Butler,Tyson Chandler,3,7:28,NOK,shot,,,,,,,,,,Desmond Mason,,,,missed,,layup,25,6
Devin Harris,Dirk Nowitzki,Erick Dampier,Jason Terry,Josh Howard,Cedric Simmons,Chris Paul,Desmond Mason,Rasual Butler,Tyson Chandler,3,7:27,DAL,rebound,,,,,,,,,,Josh Howard,,,,,,def,,
Devin Harris,Dirk Nowitzki,Erick Dampier,Jason Terry,Josh Howard,Cedric Simmons,Chris Paul,Desmond Mason,Rasual Butler,Tyson Chandler,3,7:18,DAL,shot,,,,,,,,,,Josh Howard,,,,missed,,jump,21,11
Devin Harris,Dirk Nowitzki,Erick Dampier,Jason Terry,Josh Howard,Cedric Simmons,Chris Paul,Desmond Mason,Rasual Butler,Tyson Chandler,3,7:17,NOK,rebound,,,,,,,,,,Desmond Mason,,,,,,def,,
Devin Harris,Dirk Nowitzki,Erick Dampier,Jason Terry,Josh Howard,Cedric Simmons,Chris Paul,Desmond Mason,Rasual Butler,Tyson Chandler,3,7:12,NOK,shot,,,,,,,,,,Chris Paul,2,,,made,,jump,24,11
Devin Harris,Dirk Nowitzki,Erick Dampier,Jason Terry,Josh Howard,Cedric Simmons,Chris Paul,Desmond Mason,Rasual Butler,Tyson Chandler,3,7:12,DAL,foul,,,,,,,,Chris Paul,,Jason Terry,,,,,,shooting,,
Devin Harris,Dirk Nowitzki,Erick Dampier,Jason Terry,Josh Howard,Cedric Simmons,Chris Paul,Desmond Mason,Rasual Butler,Tyson Chandler,3,7:12,NOK,free throw,,,,,,,1,,1,Chris Paul,,,foul,missed,,,,
Devin Harris,Dirk Nowitzki,Erick Dampier,Jason Terry,Josh Howard,Cedric Simmons,Chris Paul,Desmond Mason,Rasual Butler,Tyson Chandler,3,7:11,DAL,rebound,,,,,,,,,,Erick Dampier,,,,,,def,,
Devin Harris,Dirk Nowitzki,Erick Dampier,Jason Terry,Josh Howard,Cedric Simmons,Chris Paul,Desmond Mason,Rasual Butler,Tyson Chandler,3,6:56,DAL,shot,Devin Harris,,,,,,,,,Jason Terry,2,,,made,,jump,41,15
Devin Harris,Dirk Nowitzki,Erick Dampier,Jason Terry,Josh Howard,Cedric Simmons,Chris Paul,Desmond Mason,Rasual Butler,Tyson Chandler,3,6:42,NOK,shot,,,,,,,,,,Chris Paul,,,,missed,,jump,18,7
Devin Harris,Dirk Nowitzki,Erick Dampier,Jason Terry,Josh Howard,Cedric Simmons,Chris Paul,Desmond Mason,Rasual Butler,Tyson Chandler,3,6:38,DAL,rebound,,,,,,,,,,Erick Dampier,,,,,,def,,
Devin Harris,Dirk Nowitzki,Erick Dampier,Jason Terry,Josh Howard,Cedric Simmons,Chris Paul,Desmond Mason,Rasual Butler,Tyson Chandler,3,6:24,DAL,shot,Devin Harris,,,,,,,,,Erick Dampier,2,,,made,,dunk,25,6
Devin Harris,Dirk Nowitzki,Erick Dampier,Jason Terry,Josh Howard,Cedric Simmons,Chris Paul,Desmond Mason,Rasual Butler,Tyson Chandler,3,6:05,NOK,shot,,,,,,,,,,Rasual Butler,,,,missed,,layup,25,6
Devin Harris,Dirk Nowitzki,Erick Dampier,Jason Terry,Josh Howard,Cedric Simmons,Chris Paul,Desmond Mason,Rasual Butler,Tyson Chandler,3,6:03,DAL,rebound,,,,,,,,,,Jason Terry,,,,,,def,,
Devin Harris,Dirk Nowitzki,Erick Dampier,Jason Terry,Josh Howard,Cedric Simmons,Chris Paul,Desmond Mason,Rasual Butler,Tyson Chandler,3,5:58,DAL,shot,,,,,,,,,,Devin Harris,,,,missed,,layup,25,6
Devin Harris,Dirk Nowitzki,Erick Dampier,Jason Terry,Josh Howard,Cedric Simmons,Chris Paul,Desmond Mason,Rasual Butler,Tyson Chandler,3,5:57,NOK,rebound,,,,,,,,,,Tyson Chandler,,,,,,def,,
Devin Harris,Dirk Nowitzki,Erick Dampier,Jason Terry,Josh Howard,Cedric Simmons,Chris Paul,Desmond Mason,Rasual Butler,Tyson Chandler,3,5:53,NOK,shot,,,,,,,,,,Rasual Butler,2,,,made,,layup,25,6
Devin Harris,Dirk Nowitzki,Erick Dampier,Jason Terry,Josh Howard,Cedric Simmons,Chris Paul,Desmond Mason,Rasual Butler,Tyson Chandler,3,5:53,DAL,foul,,,,,,,,Rasual Butler,,Dirk Nowitzki,,,,,,shooting,,
Devin Harris,Dirk Nowitzki,Erick Dampier,Jason Terry,Josh Howard,Cedric Simmons,Chris Paul,Desmond Mason,Rasual Butler,Tyson Chandler,3,5:53,NOK,timeout,,,,,,,,,,,,,,,,regular,,
DeSagana Diop,Devin Harris,Dirk Nowitzki,Jason Terry,Josh Howard,Cedric Simmons,Chris Paul,Desmond Mason,Rasual Butler,Tyson Chandler,3,5:53,DAL,sub,,,,DeSagana Diop,,Erick Dampier,,,,,,,,,,,,
DeSagana Diop,Dirk Nowitzki,Jason Terry,Jerry Stackhouse,Josh Howard,Cedric Simmons,Chris Paul,Desmond Mason,Rasual Butler,Tyson Chandler,3,5:53,DAL,sub,,,,Jerry Stackhouse,,Devin Harris,,,,,,,,,,,,
DeSagana Diop,Dirk Nowitzki,Jason Terry,Jerry Stackhouse,Josh Howard,Chris Paul,Desmond Mason,Jannero Pargo,Rasual Butler,Tyson Chandler,3,5:53,NOK,sub,,,,Jannero Pargo,,Cedric Simmons,,,,,,,,,,,,
DeSagana Diop,Dirk Nowitzki,Jason Terry,Jerry Stackhouse,Josh Howard,Chris Paul,Desmond Mason,Jannero Pargo,Rasual Butler,Tyson Chandler,3,5:53,NOK,free throw,,,,,,,1,,1,Rasual Butler,,,foul,made,,,,
DeSagana Diop,Dirk Nowitzki,Jason Terry,Jerry Stackhouse,Josh Howard,Chris Paul,Desmond Mason,Jannero Pargo,Rasual Butler,Tyson Chandler,3,5:35,DAL,turnover,,,,,,,,,,Dirk Nowitzki,,,lost ball,,Jannero Pargo,,,
DeSagana Diop,Dirk Nowitzki,Jason Terry,Jerry Stackhouse,Josh Howard,Chris Paul,Desmond Mason,Jannero Pargo,Rasual Butler,Tyson Chandler,3,5:31,NOK,shot,Jannero Pargo,,,,,,,,,Rasual Butler,2,,,made,,dunk,25,6
DeSagana Diop,Dirk Nowitzki,Jason Terry,Jerry Stackhouse,Josh Howard,Chris Paul,Desmond Mason,Jannero Pargo,Rasual Butler,Tyson Chandler,3,5:15,DAL,shot,Dirk Nowitzki,,,,,,,,,Josh Howard,2,,,made,,jump,2,10
DeSagana Diop,Dirk Nowitzki,Jason Terry,Jerry Stackhouse,Josh Howard,Chris Paul,Desmond Mason,Jannero Pargo,Rasual Butler,Tyson Chandler,3,4:47,NOK,shot,,,,,,,,,,Jannero Pargo,,,,missed,,jump,27,31
DeSagana Diop,Dirk Nowitzki,Jason Terry,Jerry Stackhouse,Josh Howard,Chris Paul,Desmond Mason,Jannero Pargo,Rasual Butler,Tyson Chandler,3,4:44,DAL,rebound,,,,,,,,,,DeSagana Diop,,,,,,def,,
DeSagana Diop,Dirk Nowitzki,Jason Terry,Jerry Stackhouse,Josh Howard,Chris Paul,Desmond Mason,Jannero Pargo,Rasual Butler,Tyson Chandler,3,4:37,DAL,shot,Dirk Nowitzki,,,,,,,,,Josh Howard,2,,,made,,jump,30,31
DeSagana Diop,Dirk Nowitzki,Jason Terry,Jerry Stackhouse,Josh Howard,Chris Paul,Desmond Mason,Jannero Pargo,Rasual Butler,Tyson Chandler,3,4:10,NOK,shot,,,,,,,,,,Jannero Pargo,2,,,made,,jump,10,28
DeSagana Diop,Dirk Nowitzki,Jason Terry,Jerry Stackhouse,Josh Howard,Chris Paul,Desmond Mason,Jannero Pargo,Rasual Butler,Tyson Chandler,3,3:55,DAL,shot,,,,,,,,,,Jerry Stackhouse,,,,missed,,jump,47,8
DeSagana Diop,Dirk Nowitzki,Jason Terry,Jerry Stackhouse,Josh Howard,Chris Paul,Desmond Mason,Jannero Pargo,Rasual Butler,Tyson Chandler,3,3:52,NOK,rebound,,,,,,,,,,Jannero Pargo,,,,,,def,,
DeSagana Diop,Dirk Nowitzki,Jason Terry,Jerry Stackhouse,Josh Howard,Chris Paul,Desmond Mason,Jannero Pargo,Rasual Butler,Tyson Chandler,3,3:45,NOK,turnover,,,,,,,,,,Jannero Pargo,,,bad pass,,,,,
DeSagana Diop,Dirk Nowitzki,Jason Terry,Jerry Stackhouse,Josh Howard,Chris Paul,Desmond Mason,Jannero Pargo,Rasual Butler,Tyson Chandler,3,3:26,DAL,shot,Jason Terry,,,,,,,,,Dirk Nowitzki,2,,,made,,jump,37,21
DeSagana Diop,Dirk Nowitzki,Jason Terry,Jerry Stackhouse,Josh Howard,Chris Paul,Desmond Mason,Jannero Pargo,Rasual Butler,Tyson Chandler,3,3:16,NOK,shot,,,,,,,,,,Chris Paul,2,,,made,,jump,22,18
DeSagana Diop,Dirk Nowitzki,Jason Terry,Jerry Stackhouse,Josh Howard,Chris Paul,Desmond Mason,Jannero Pargo,Rasual Butler,Tyson Chandler,3,3:02,DAL,shot,,,,,,,,,,Dirk Nowitzki,,,,missed,,jump,39,19
DeSagana Diop,Dirk Nowitzki,Jason Terry,Jerry Stackhouse,Josh Howard,Chris Paul,Desmond Mason,Jannero Pargo,Rasual Butler,Tyson Chandler,3,3:00,NOK,rebound,,,,,,,,,,Tyson Chandler,,,,,,def,,
DeSagana Diop,Dirk Nowitzki,Jason Terry,Jerry Stackhouse,Josh Howard,Chris Paul,Desmond Mason,Jannero Pargo,Rasual Butler,Tyson Chandler,3,3:00,DAL,shot,,,,,,,,,,DeSagana Diop,,,,missed,,tip-in,25,6
DeSagana Diop,Dirk Nowitzki,Jason Terry,Jerry Stackhouse,Josh Howard,Chris Paul,Desmond Mason,Jannero Pargo,Rasual Butler,Tyson Chandler,3,3:00,DAL,rebound,,,,,,,,,,DeSagana Diop,,,,,,off,,
DeSagana Diop,Dirk Nowitzki,Jason Terry,Jerry Stackhouse,Josh Howard,Chris Paul,Desmond Mason,Jannero Pargo,Rasual Butler,Tyson Chandler,3,2:53,NOK,shot,,,,,,,,,,Jannero Pargo,,,,missed,,jump,6,24
DeSagana Diop,Dirk Nowitzki,Jason Terry,Jerry Stackhouse,Josh Howard,Chris Paul,Desmond Mason,Jannero Pargo,Rasual Butler,Tyson Chandler,3,2:50,NOK,rebound,,,,,,,,,,Rasual Butler,,,,,,off,,
DeSagana Diop,Dirk Nowitzki,Jason Terry,Jerry Stackhouse,Josh Howard,Chris Paul,Desmond Mason,Jannero Pargo,Rasual Butler,Tyson Chandler,3,2:27,NOK,shot,Chris Paul,,,,,,,,,Jannero Pargo,2,,,made,,jump,23,17
DeSagana Diop,Dirk Nowitzki,Jason Terry,Jerry Stackhouse,Josh Howard,Chris Paul,Desmond Mason,Jannero Pargo,Rasual Butler,Tyson Chandler,3,2:17,DAL,shot,Jason Terry,,,,,,,,,Dirk Nowitzki,2,,,made,,jump,42,24
DeSagana Diop,Dirk Nowitzki,Jason Terry,Jerry Stackhouse,Josh Howard,Chris Paul,Desmond Mason,Jannero Pargo,Rasual Butler,Tyson Chandler,3,2:00,DAL,foul,,,,,,,,Chris Paul,,Josh Howard,,,,,,personal,,
DeSagana Diop,Dirk Nowitzki,Jason Terry,Jerry Stackhouse,Josh Howard,Chris Paul,Desmond Mason,Jannero Pargo,Rasual Butler,Tyson Chandler,3,2:00,DAL,timeout,,,,,,,,,,,,,,,,regular,,
DeSagana Diop,Dirk Nowitzki,Jason Terry,Jerry Stackhouse,Josh Howard,Chris Paul,Desmond Mason,Jannero Pargo,Marc Jackson,Rasual Butler,3,2:00,NOK,sub,,,,Marc Jackson,,Tyson Chandler,,,,,,,,,,,,
DeSagana Diop,Devin Harris,Dirk Nowitzki,Jerry Stackhouse,Josh Howard,Chris Paul,Desmond Mason,Jannero Pargo,Marc Jackson,Rasual Butler,3,2:00,DAL,sub,,,,Devin Harris,,Jason Terry,,,,,,,,,,,,
DeSagana Diop,Devin Harris,Dirk Nowitzki,Jerry Stackhouse,Josh Howard,Chris Paul,Desmond Mason,Jannero Pargo,Marc Jackson,Rasual Butler,3,1:49,NOK,shot,,,,,,,,,,Rasual Butler,,,,missed,,jump,26,27
DeSagana Diop,Devin Harris,Dirk Nowitzki,Jerry Stackhouse,Josh Howard,Chris Paul,Desmond Mason,Jannero Pargo,Marc Jackson,Rasual Butler,3,1:48,DAL,rebound,,,,,,,,,,DeSagana Diop,,,,,,def,,
DeSagana Diop,Devin Harris,Dirk Nowitzki,Jerry Stackhouse,Josh Howard,Chris Paul,Desmond Mason,Jannero Pargo,Marc Jackson,Rasual Butler,3,1:32,DAL,turnover,,,,,,,,,,Dirk Nowitzki,,,lost ball,,Rasual Butler,,,
DeSagana Diop,Devin Harris,Dirk Nowitzki,Jerry Stackhouse,Josh Howard,Chris Paul,Desmond Mason,Jannero Pargo,Marc Jackson,Rasual Butler,3,1:16,NOK,shot,,,,,,,,,,Rasual Butler,,,,missed,,layup,25,6
DeSagana Diop,Devin Harris,Dirk Nowitzki,Jerry Stackhouse,Josh Howard,Chris Paul,Desmond Mason,Jannero Pargo,Marc Jackson,Rasual Butler,3,1:16,DAL,rebound,,,,,,,,,,,,,,,,,,
DeSagana Diop,Devin Harris,Dirk Nowitzki,Jerry Stackhouse,Josh Howard,Chris Paul,Desmond Mason,Jannero Pargo,Marc Jackson,Rasual Butler,3,1:16,NOK,foul,,,,,,,,DeSagana Diop,,Marc Jackson,,,,,,loose ball,,
DeSagana Diop,Devean George,Devin Harris,Jerry Stackhouse,Josh Howard,Chris Paul,Desmond Mason,Jannero Pargo,Marc Jackson,Rasual Butler,3,1:16,DAL,sub,,,,Devean George,,Dirk Nowitzki,,,,,,,,,,,,
DeSagana Diop,Devean George,Devin Harris,Jerry Stackhouse,Josh Howard,Chris Paul,Desmond Mason,Jannero Pargo,Marc Jackson,Rasual Butler,3,1:01,NOK,foul,,,,,,,,Josh Howard,,Rasual Butler,,,,,,shooting,,
DeSagana Diop,Devean George,Devin Harris,Jerry Stackhouse,Josh Howard,Chris Paul,Desmond Mason,Jannero Pargo,Marc Jackson,Rasual Butler,3,1:01,DAL,free throw,,,,,,,1,,2,Josh Howard,,,foul,made,,,,
DeSagana Diop,Devean George,Devin Harris,Jerry Stackhouse,Josh Howard,Chris Paul,Desmond Mason,Jannero Pargo,Marc Jackson,Rasual Butler,3,1:01,DAL,free throw,,,,,,,2,,2,Josh Howard,,,foul,made,,,,
DeSagana Diop,Devean George,Devin Harris,Jerry Stackhouse,Josh Howard,Chris Paul,Desmond Mason,Jannero Pargo,Marc Jackson,Rasual Butler,3,0:41,NOK,shot,,,,,,,,,,Jannero Pargo,,,,missed,,jump,24,15
DeSagana Diop,Devean George,Devin Harris,Jerry Stackhouse,Josh Howard,Chris Paul,Desmond Mason,Jannero Pargo,Marc Jackson,Rasual Butler,3,0:40,DAL,rebound,,,,,,,,,,Devean George,,,,,,def,,
DeSagana Diop,Devean George,Devin Harris,Jerry Stackhouse,Josh Howard,Chris Paul,Desmond Mason,Jannero Pargo,Marc Jackson,Rasual Butler,3,0:19,DAL,shot,,,,,,,,,,Jerry Stackhouse,,,,missed,,jump,24,12
DeSagana Diop,Devean George,Devin Harris,Jerry Stackhouse,Josh Howard,Chris Paul,Desmond Mason,Jannero Pargo,Marc Jackson,Rasual Butler,3,0:17,NOK,rebound,,,,,,,,,,Marc Jackson,,,,,,def,,
DeSagana Diop,Devean George,Devin Harris,Jerry Stackhouse,Josh Howard,Chris Paul,Desmond Mason,Jannero Pargo,Marc Jackson,Rasual Butler,3,0:10,NOK,shot,,,,,,,,,,Rasual Butler,,,,missed,,jump,39,17
DeSagana Diop,Devean George,Devin Harris,Jerry Stackhouse,Josh Howard,Chris Paul,Desmond Mason,Jannero Pargo,Marc Jackson,Rasual Butler,3,0:09,DAL,rebound,,,,,,,,,,Jerry Stackhouse,,,,,,def,,
DeSagana Diop,Devean George,Devin Harris,Jerry Stackhouse,Josh Howard,Chris Paul,Desmond Mason,Jannero Pargo,Marc Jackson,Rasual Butler,3,0:00,DAL,shot,,,,,,,,,,Devean George,2,,,made,,jump,2,13
DeSagana Diop,Devean George,Devin Harris,Jerry Stackhouse,Josh Howard,Chris Paul,Jannero Pargo,Linton Johnson,Marc Jackson,Rasual Butler,4,11:38,DAL,shot,,,,,,,,,,Jerry Stackhouse,,,,missed,,jump,8,8
DeSagana Diop,Devean George,Devin Harris,Jerry Stackhouse,Josh Howard,Chris Paul,Jannero Pargo,Linton Johnson,Marc Jackson,Rasual Butler,4,11:38,NOK,rebound,,,,,,,,,,,,,,,,,,
DeSagana Diop,Devean George,Devin Harris,Jerry Stackhouse,Josh Howard,Chris Paul,Jannero Pargo,Linton Johnson,Marc Jackson,Rasual Butler,4,11:38,DAL,foul,,,,,,,,Marc Jackson,,DeSagana Diop,,,,,,loose ball,,
DeSagana Diop,Devean George,Devin Harris,Jason Terry,Jerry Stackhouse,Chris Paul,Jannero Pargo,Linton Johnson,Marc Jackson,Rasual Butler,4,11:38,DAL,sub,,,,Jason Terry,,Josh Howard,,,,,,,,,,,,
DeSagana Diop,Devean George,Devin Harris,Jason Terry,Jerry Stackhouse,Chris Paul,Jannero Pargo,Linton Johnson,Marc Jackson,Rasual Butler,4,11:25,NOK,shot,,,,,,,,,,Rasual Butler,,,,missed,,jump,2,14
DeSagana Diop,Devean George,Devin Harris,Jason Terry,Jerry Stackhouse,Chris Paul,Jannero Pargo,Linton Johnson,Marc Jackson,Rasual Butler,4,11:25,DAL,rebound,,,,,,,,,,,,,,,,,,
DeSagana Diop,Devean George,Devin Harris,Jason Terry,Jerry Stackhouse,Chris Paul,Jannero Pargo,Linton Johnson,Marc Jackson,Rasual Butler,4,11:25,NOK,foul,,,,,,,,Devin Harris,,Marc Jackson,,,,,,loose ball,,
DeSagana Diop,Devean George,Devin Harris,Jason Terry,Jerry Stackhouse,Chris Paul,Jannero Pargo,Linton Johnson,Marc Jackson,Rasual Butler,4,11:03,DAL,shot,,,Rasual Butler,,,,,,,DeSagana Diop,,,,missed,,layup,25,6
DeSagana Diop,Devean George,Devin Harris,Jason Terry,Jerry Stackhouse,Chris Paul,Jannero Pargo,Linton Johnson,Marc Jackson,Rasual Butler,4,11:03,DAL,rebound,,,,,,,,,,,,,,,,,,
DeSagana Diop,Devean George,Devin Harris,Jason Terry,Jerry Stackhouse,Chris Paul,Jannero Pargo,Linton Johnson,Marc Jackson,Rasual Butler,4,11:01,DAL,shot,,,,,,,,,,DeSagana Diop,,,,missed,,jump,8,7
DeSagana Diop,Devean George,Devin Harris,Jason Terry,Jerry Stackhouse,Chris Paul,Jannero Pargo,Linton Johnson,Marc Jackson,Rasual Butler,4,10:59,NOK,rebound,,,,,,,,,,Rasual Butler,,,,,,def,,
DeSagana Diop,Devean George,Devin Harris,Jason Terry,Jerry Stackhouse,Chris Paul,Jannero Pargo,Linton Johnson,Marc Jackson,Rasual Butler,4,10:36,NOK,shot,,,,,,,,,,Jannero Pargo,,,,missed,,jump,28,31
DeSagana Diop,Devean George,Devin Harris,Jason Terry,Jerry Stackhouse,Chris Paul,Jannero Pargo,Linton Johnson,Marc Jackson,Rasual Butler,4,10:33,DAL,rebound,,,,,,,,,,Jerry Stackhouse,,,,,,def,,
DeSagana Diop,Devean George,Devin Harris,Jason Terry,Jerry Stackhouse,Chris Paul,Jannero Pargo,Linton Johnson,Marc Jackson,Rasual Butler,4,10:26,DAL,shot,,,,,,,,,,Devin Harris,,,,missed,,jump,43,6
DeSagana Diop,Devean George,Devin Harris,Jason Terry,Jerry Stackhouse,Chris Paul,Jannero Pargo,Linton Johnson,Marc Jackson,Rasual Butler,4,10:25,NOK,rebound,,,,,,,,,,Chris Paul,,,,,,def,,
DeSagana Diop,Devean George,Devin Harris,Jason Terry,Jerry Stackhouse,Chris Paul,Jannero Pargo,Linton Johnson,Marc Jackson,Rasual Butler,4,10:19,NOK,shot,,,,,,,,,,Marc Jackson,,,,missed,,jump,10,22
DeSagana Diop,Devean George,Devin Harris,Jason Terry,Jerry Stackhouse,Chris Paul,Jannero Pargo,Linton Johnson,Marc Jackson,Rasual Butler,4,10:18,DAL,rebound,,,,,,,,,,Jason Terry,,,,,,def,,
DeSagana Diop,Devean George,Devin Harris,Jason Terry,Jerry Stackhouse,Chris Paul,Jannero Pargo,Linton Johnson,Marc Jackson,Rasual Butler,4,9:57,DAL,shot,,,,,,,,,,Jason Terry,,,,missed,,jump,9,11
DeSagana Diop,Devean George,Devin Harris,Jason Terry,Jerry Stackhouse,Chris Paul,Jannero Pargo,Linton Johnson,Marc Jackson,Rasual Butler,4,9:54,DAL,rebound,,,,,,,,,,DeSagana Diop,,,,,,off,,
DeSagana Diop,Devean George,Devin Harris,Jason Terry,Jerry Stackhouse,Chris Paul,Jannero Pargo,Linton Johnson,Marc Jackson,Rasual Butler,4,9:51,DAL,shot,,,,,,,,,,Jason Terry,,,,missed,,layup,25,6
DeSagana Diop,Devean George,Devin Harris,Jason Terry,Jerry Stackhouse,Chris Paul,Jannero Pargo,Linton Johnson,Marc Jackson,Rasual Butler,4,9:50,NOK,rebound,,,,,,,,,,Linton Johnson,,,,,,def,,
DeSagana Diop,Devean George,Devin Harris,Jason Terry,Jerry Stackhouse,Chris Paul,Jannero Pargo,Linton Johnson,Marc Jackson,Rasual Butler,4,9:50,DAL,foul,,,,,,,,Linton Johnson,,DeSagana Diop,,,,,,loose ball,,
DeSagana Diop,Devean George,Devin Harris,Dirk Nowitzki,Jason Terry,Chris Paul,Jannero Pargo,Linton Johnson,Marc Jackson,Rasual Butler,4,9:50,DAL,sub,,,,Dirk Nowitzki,,Jerry Stackhouse,,,,,,,,,,,,
DeSagana Diop,Devean George,Devin Harris,Dirk Nowitzki,Jason Terry,Chris Paul,Jannero Pargo,Linton Johnson,Marc Jackson,Rasual Butler,4,9:28,NOK,shot,,,,,,,,,,Rasual Butler,,,,missed,,jump,39,14
DeSagana Diop,Devean George,Devin Harris,Dirk Nowitzki,Jason Terry,Chris Paul,Jannero Pargo,Linton Johnson,Marc Jackson,Rasual Butler,4,9:26,NOK,rebound,,,,,,,,,,Marc Jackson,,,,,,off,,
DeSagana Diop,Devean George,Devin Harris,Dirk Nowitzki,Jason Terry,Chris Paul,Jannero Pargo,Linton Johnson,Marc Jackson,Rasual Butler,4,9:17,NOK,shot,Marc Jackson,,,,,,,,,Chris Paul,2,,,made,,jump,10,14
DeSagana Diop,Devean George,Devin Harris,Dirk Nowitzki,Jason Terry,Chris Paul,Jannero Pargo,Linton Johnson,Marc Jackson,Rasual Butler,4,8:52,OFF,timeout,,,,,,,,,,,,,,,,official,,
DeSagana Diop,Devean George,Devin Harris,Dirk Nowitzki,Jason Terry,Chris Paul,Jannero Pargo,Linton Johnson,Marc Jackson,Rasual Butler,4,8:52,OFF,jump ball,,DeSagana Diop,,,Rasual Butler,,,,,,,Linton Johnson,,,,,,
DeSagana Diop,Devean George,Devin Harris,Dirk Nowitzki,Jason Terry,Chris Paul,Jannero Pargo,Linton Johnson,Marc Jackson,Rasual Butler,4,8:52,DAL,turnover,,,,,,,,,,Devin Harris,,,lost ball,,Rasual Butler,,,
Devean George,Devin Harris,Dirk Nowitzki,Erick Dampier,Jason Terry,Chris Paul,Jannero Pargo,Linton Johnson,Marc Jackson,Rasual Butler,4,8:45,DAL,sub,,,,Erick Dampier,,DeSagana Diop,,,,,,,,,,,,
Devean George,Devin Harris,Dirk Nowitzki,Erick Dampier,Jason Terry,Chris Paul,Jannero Pargo,Linton Johnson,Marc Jackson,Rasual Butler,4,8:27,NOK,shot,,,,,,,,,,Chris Paul,,,,missed,,layup,25,6
Devean George,Devin Harris,Dirk Nowitzki,Erick Dampier,Jason Terry,Chris Paul,Jannero Pargo,Linton Johnson,Marc Jackson,Rasual Butler,4,8:26,NOK,shot,,,,,,,,,,Marc Jackson,2,,,made,,tip,25,6
Devean George,Devin Harris,Dirk Nowitzki,Erick Dampier,Jason Terry,Chris Paul,Jannero Pargo,Linton Johnson,Marc Jackson,Rasual Butler,4,8:26,NOK,rebound,,,,,,,,,,Marc Jackson,,,,,,off,,
Devean George,Devin Harris,Dirk Nowitzki,Erick Dampier,Jason Terry,Chris Paul,Jannero Pargo,Linton Johnson,Marc Jackson,Rasual Butler,4,8:09,DAL,shot,,,,,,,,,,Jason Terry,,,,missed,,jump,45,18
Devean George,Devin Harris,Dirk Nowitzki,Erick Dampier,Jason Terry,Chris Paul,Jannero Pargo,Linton Johnson,Marc Jackson,Rasual Butler,4,8:07,NOK,rebound,,,,,,,,,,Rasual Butler,,,,,,def,,
Devean George,Devin Harris,Dirk Nowitzki,Erick Dampier,Jason Terry,Chris Paul,Jannero Pargo,Linton Johnson,Marc Jackson,Rasual Butler,4,7:49,NOK,shot,,,,,,,,,,Chris Paul,,,,missed,,jump,23,12
Devean George,Devin Harris,Dirk Nowitzki,Erick Dampier,Jason Terry,Chris Paul,Jannero Pargo,Linton Johnson,Marc Jackson,Rasual Butler,4,7:49,DAL,rebound,,,,,,,,,,,,,,,,,,
Devean George,Devin Harris,Dirk Nowitzki,Erick Dampier,Jason Terry,Chris Paul,Jannero Pargo,Linton Johnson,Marc Jackson,Rasual Butler,4,7:49,NOK,foul,,,,,,,,Devin Harris,,Marc Jackson,,,,,,loose ball,,
Devean George,Dirk Nowitzki,Erick Dampier,Jason Terry,Josh Howard,Chris Paul,Jannero Pargo,Linton Johnson,Marc Jackson,Rasual Butler,4,7:49,DAL,sub,,,,Josh Howard,,Devin Harris,,,,,,,,,,,,
Devean George,Dirk Nowitzki,Erick Dampier,Jason Terry,Josh Howard,Chris Paul,Desmond Mason,Jannero Pargo,Linton Johnson,Marc Jackson,4,7:49,NOK,sub,,,,Desmond Mason,,Rasual Butler,,,,,,,,,,,,
Devean George,Dirk Nowitzki,Erick Dampier,Jason Terry,Josh Howard,Chris Paul,Desmond Mason,Jannero Pargo,Linton Johnson,Marc Jackson,4,7:36,DAL,shot,,,,,,,,,,Dirk Nowitzki,2,,,made,,jump,14,21
Devean George,Dirk Nowitzki,Erick Dampier,Jason Terry,Josh Howard,Chris Paul,Desmond Mason,Jannero Pargo,Linton Johnson,Marc Jackson,4,7:17,NOK,shot,,,,,,,,,,Marc Jackson,,,,missed,,jump,36,23
Devean George,Dirk Nowitzki,Erick Dampier,Jason Terry,Josh Howard,Chris Paul,Desmond Mason,Jannero Pargo,Linton Johnson,Marc Jackson,4,7:13,NOK,rebound,,,,,,,,,,Jannero Pargo,,,,,,off,,
Devean George,Dirk Nowitzki,Erick Dampier,Jason Terry,Josh Howard,Chris Paul,Desmond Mason,Jannero Pargo,Linton Johnson,Marc Jackson,4,7:11,NOK,shot,Jannero Pargo,,,,,,,,,Desmond Mason,2,,,made,,layup,25,6
Devean George,Dirk Nowitzki,Erick Dampier,Jason Terry,Josh Howard,Chris Paul,Desmond Mason,Jannero Pargo,Linton Johnson,Marc Jackson,4,6:53,DAL,shot,,,,,,,,,,Dirk Nowitzki,2,,,made,,jump,41,16
Devean George,Dirk Nowitzki,Erick Dampier,Jason Terry,Josh Howard,Chris Paul,Desmond Mason,Jannero Pargo,Linton Johnson,Marc Jackson,4,6:31,NOK,shot,,,,,,,,,,Linton Johnson,,,,missed,,jump,25,16
Devean George,Dirk Nowitzki,Erick Dampier,Jason Terry,Josh Howard,Chris Paul,Desmond Mason,Jannero Pargo,Linton Johnson,Marc Jackson,4,6:30,NOK,shot,,,,,,,,,,Marc Jackson,2,,,made,,tip,25,6
Devean George,Dirk Nowitzki,Erick Dampier,Jason Terry,Josh Howard,Chris Paul,Desmond Mason,Jannero Pargo,Linton Johnson,Marc Jackson,4,6:30,NOK,rebound,,,,,,,,,,Marc Jackson,,,,,,off,,
Devean George,Dirk Nowitzki,Erick Dampier,Jason Terry,Josh Howard,Chris Paul,Desmond Mason,Jannero Pargo,Linton Johnson,Marc Jackson,4,6:11,DAL,shot,,,,,,,,,,Devean George,,,,missed,,jump,2,8
Devean George,Dirk Nowitzki,Erick Dampier,Jason Terry,Josh Howard,Chris Paul,Desmond Mason,Jannero Pargo,Linton Johnson,Marc Jackson,4,6:10,NOK,rebound,,,,,,,,,,Desmond Mason,,,,,,def,,
Devean George,Dirk Nowitzki,Erick Dampier,Jason Terry,Josh Howard,Chris Paul,Desmond Mason,Jannero Pargo,Linton Johnson,Marc Jackson,4,6:01,NOK,shot,Chris Paul,,,,,,,,,Marc Jackson,2,,,made,,layup,25,6
Devean George,Dirk Nowitzki,Erick Dampier,Jason Terry,Josh Howard,Chris Paul,Desmond Mason,Jannero Pargo,Linton Johnson,Marc Jackson,4,6:01,DAL,foul,,,,,,,,Marc Jackson,,Devean George,,,,,,shooting,,
Devin Harris,Dirk Nowitzki,Erick Dampier,Jason Terry,Josh Howard,Chris Paul,Desmond Mason,Jannero Pargo,Linton Johnson,Marc Jackson,4,6:01,DAL,sub,,,,Devin Harris,,Devean George,,,,,,,,,,,,
Devin Harris,Dirk Nowitzki,Erick Dampier,Jason Terry,Josh Howard,Chris Paul,Desmond Mason,Jannero Pargo,Marc Jackson,Tyson Chandler,4,6:01,NOK,sub,,,,Tyson Chandler,,Linton Johnson,,,,,,,,,,,,
Devin Harris,Dirk Nowitzki,Erick Dampier,Jason Terry,Josh Howard,Chris Paul,Desmond Mason,Jannero Pargo,Marc Jackson,Tyson Chandler,4,6:01,NOK,free throw,,,,,,,1,,1,Marc Jackson,,,foul,made,,,,
Devin Harris,Dirk Nowitzki,Erick Dampier,Jason Terry,Josh Howard,Chris Paul,Desmond Mason,Jannero Pargo,Marc Jackson,Tyson Chandler,4,5:44,DAL,shot,Dirk Nowitzki,,,,,,,,,Jason Terry,2,,,made,,jump,8,8
Devin Harris,Dirk Nowitzki,Erick Dampier,Jason Terry,Josh Howard,Chris Paul,Desmond Mason,Jannero Pargo,Marc Jackson,Tyson Chandler,4,5:21,NOK,shot,Jannero Pargo,,,,,,,,,Chris Paul,2,,,made,,jump,47,7
Devin Harris,Dirk Nowitzki,Erick Dampier,Jason Terry,Josh Howard,Chris Paul,Desmond Mason,Jannero Pargo,Marc Jackson,Tyson Chandler,4,5:04,DAL,shot,,,,,,,,,,Dirk Nowitzki,,,,missed,,jump,36,18
Devin Harris,Dirk Nowitzki,Erick Dampier,Jason Terry,Josh Howard,Chris Paul,Desmond Mason,Jannero Pargo,Marc Jackson,Tyson Chandler,4,5:03,NOK,rebound,,,,,,,,,,Jannero Pargo,,,,,,def,,
Devin Harris,Dirk Nowitzki,Erick Dampier,Jason Terry,Josh Howard,Chris Paul,Desmond Mason,Jannero Pargo,Marc Jackson,Tyson Chandler,4,4:57,NOK,foul,,,,,,,,Erick Dampier,,Tyson Chandler,,,,,,offensive,,
Devin Harris,Dirk Nowitzki,Erick Dampier,Jason Terry,Josh Howard,Chris Paul,Desmond Mason,Jannero Pargo,Marc Jackson,Tyson Chandler,4,4:57,NOK,turnover,,,,,,,,,,Tyson Chandler,,,foul,,,,,
Devin Harris,Dirk Nowitzki,Erick Dampier,Jason Terry,Josh Howard,Chris Paul,Desmond Mason,Jannero Pargo,Marc Jackson,Tyson Chandler,4,4:57,NOK,timeout,,,,,,,,,,,,,,,,regular,,
Devin Harris,Dirk Nowitzki,Erick Dampier,Jason Terry,Josh Howard,Chris Paul,Desmond Mason,Jannero Pargo,Marc Jackson,Tyson Chandler,4,4:38,DAL,shot,,,,,,,,,,Jason Terry,,,,missed,,layup,25,6
Devin Harris,Dirk Nowitzki,Erick Dampier,Jason Terry,Josh Howard,Chris Paul,Desmond Mason,Jannero Pargo,Marc Jackson,Tyson Chandler,4,4:36,NOK,rebound,,,,,,,,,,Chris Paul,,,,,,def,,
Devin Harris,Dirk Nowitzki,Erick Dampier,Jason Terry,Josh Howard,Chris Paul,Desmond Mason,Jannero Pargo,Marc Jackson,Tyson Chandler,4,4:16,NOK,shot,,,,,,,,,,Desmond Mason,,,,missed,,hook,24,11
Devin Harris,Dirk Nowitzki,Erick Dampier,Jason Terry,Josh Howard,Chris Paul,Desmond Mason,Jannero Pargo,Marc Jackson,Tyson Chandler,4,4:15,DAL,rebound,,,,,,,,,,Dirk Nowitzki,,,,,,def,,
Devin Harris,Dirk Nowitzki,Erick Dampier,Jason Terry,Josh Howard,Chris Paul,Desmond Mason,Jannero Pargo,Marc Jackson,Tyson Chandler,4,3:56,DAL,shot,,,,,,,,,,Jason Terry,,,,missed,,jump,14,21
Devin Harris,Dirk Nowitzki,Erick Dampier,Jason Terry,Josh Howard,Chris Paul,Desmond Mason,Jannero Pargo,Marc Jackson,Tyson Chandler,4,3:54,NOK,rebound,,,,,,,,,,Chris Paul,,,,,,def,,
Devin Harris,Dirk Nowitzki,Erick Dampier,Jason Terry,Josh Howard,Chris Paul,Desmond Mason,Jannero Pargo,Marc Jackson,Tyson Chandler,4,3:39,NOK,shot,,,,,,,,,,Marc Jackson,,,,missed,,jump,38,10
Devin Harris,Dirk Nowitzki,Erick Dampier,Jason Terry,Josh Howard,Chris Paul,Desmond Mason,Jannero Pargo,Marc Jackson,Tyson Chandler,4,3:37,DAL,rebound,,,,,,,,,,Dirk Nowitzki,,,,,,def,,
Devin Harris,Dirk Nowitzki,Erick Dampier,Jason Terry,Josh Howard,Chris Paul,Desmond Mason,Jannero Pargo,Marc Jackson,Tyson Chandler,4,3:23,DAL,shot,,,,,,,,,,Devin Harris,2,,,made,,driving layup,25,6
Devin Harris,Dirk Nowitzki,Erick Dampier,Jason Terry,Josh Howard,Chris Paul,Desmond Mason,Jannero Pargo,Marc Jackson,Tyson Chandler,4,3:11,NOK,shot,,,,,,,,,,Marc Jackson,,,,missed,,jump,11,24
Devin Harris,Dirk Nowitzki,Erick Dampier,Jason Terry,Josh Howard,Chris Paul,Desmond Mason,Jannero Pargo,Marc Jackson,Tyson Chandler,4,3:10,DAL,rebound,,,,,,,,,,Josh Howard,,,,,,def,,
Devin Harris,Dirk Nowitzki,Erick Dampier,Jason Terry,Josh Howard,Chris Paul,Desmond Mason,Jannero Pargo,Marc Jackson,Tyson Chandler,4,2:50,DAL,shot,Devin Harris,,,,,,,,,Josh Howard,2,,,made,,jump,41,24
Devin Harris,Dirk Nowitzki,Erick Dampier,Jason Terry,Josh Howard,Chris Paul,Desmond Mason,Jannero Pargo,Marc Jackson,Tyson Chandler,4,2:47,NOK,timeout,,,,,,,,,,,,,,,,short,,
Devin Harris,Dirk Nowitzki,Erick Dampier,Jason Terry,Josh Howard,Chris Paul,Desmond Mason,Jannero Pargo,Marc Jackson,Tyson Chandler,4,2:47,DAL,timeout,,,,,,,,,,,,,,,,regular,,
Devin Harris,Dirk Nowitzki,Erick Dampier,Jason Terry,Josh Howard,Chris Paul,Desmond Mason,Jannero Pargo,Rasual Butler,Tyson Chandler,4,2:47,NOK,sub,,,,Rasual Butler,,Marc Jackson,,,,,,,,,,,,
Devin Harris,Dirk Nowitzki,Erick Dampier,Jason Terry,Josh Howard,Chris Paul,Desmond Mason,Jannero Pargo,Rasual Butler,Tyson Chandler,4,2:35,NOK,shot,,,,,,,,,,Chris Paul,2,,,made,,jump,19,11
Devin Harris,Dirk Nowitzki,Erick Dampier,Jason Terry,Josh Howard,Chris Paul,Desmond Mason,Jannero Pargo,Rasual Butler,Tyson Chandler,4,2:15,DAL,shot,,,,,,,,,,Dirk Nowitzki,,,,missed,,jump,15,14
Devin Harris,Dirk Nowitzki,Erick Dampier,Jason Terry,Josh Howard,Chris Paul,Desmond Mason,Jannero Pargo,Rasual Butler,Tyson Chandler,4,2:12,DAL,rebound,,,,,,,,,,Devin Harris,,,,,,off,,
Devin Harris,Dirk Nowitzki,Erick Dampier,Jason Terry,Josh Howard,Chris Paul,Desmond Mason,Jannero Pargo,Rasual Butler,Tyson Chandler,4,1:54,DAL,shot,,,,,,,,,,Devin Harris,,,,missed,,jump,21,13
Devin Harris,Dirk Nowitzki,Erick Dampier,Jason Terry,Josh Howard,Chris Paul,Desmond Mason,Jannero Pargo,Rasual Butler,Tyson Chandler,4,1:52,NOK,rebound,,,,,,,,,,Chris Paul,,,,,,def,,
Devin Harris,Dirk Nowitzki,Erick Dampier,Jason Terry,Josh Howard,Chris Paul,Desmond Mason,Jannero Pargo,Rasual Butler,Tyson Chandler,4,1:46,NOK,shot,,,,,,,,,,Rasual Butler,,,,missed,,jump,42,15
Devin Harris,Dirk Nowitzki,Erick Dampier,Jason Terry,Josh Howard,Chris Paul,Desmond Mason,Jannero Pargo,Rasual Butler,Tyson Chandler,4,1:45,DAL,rebound,,,,,,,,,,,,,,,,,,
Devin Harris,Dirk Nowitzki,Erick Dampier,Jason Terry,Josh Howard,Chris Paul,Desmond Mason,Jannero Pargo,Rasual Butler,Tyson Chandler,4,1:45,NOK,foul,,,,,,,,,,Paul,,,,,,technical,,
Devin Harris,Dirk Nowitzki,Erick Dampier,Jason Terry,Josh Howard,Chris Paul,Desmond Mason,Jannero Pargo,Rasual Butler,Tyson Chandler,4,1:45,DAL,free throw,,,,,,,1,,1,Dirk Nowitzki,,,technical,made,,,,
Devin Harris,Dirk Nowitzki,Erick Dampier,Jason Terry,Josh Howard,Chris Paul,Desmond Mason,Jannero Pargo,Rasual Butler,Tyson Chandler,4,1:30,DAL,shot,,,,,,,,,,Devin Harris,2,,,made,,jump,16,8
Devin Harris,Dirk Nowitzki,Erick Dampier,Jason Terry,Josh Howard,Chris Paul,Desmond Mason,Jannero Pargo,Rasual Butler,Tyson Chandler,4,1:30,NOK,violation,,,,,,,,,,Tyson Chandler,,,,,,defensive goaltending,,
Devin Harris,Dirk Nowitzki,Erick Dampier,Jason Terry,Josh Howard,Chris Paul,Desmond Mason,Jannero Pargo,Rasual Butler,Tyson Chandler,4,1:21,NOK,shot,,,,,,,,,,Chris Paul,2,,,made,,layup,25,6
Devin Harris,Dirk Nowitzki,Erick Dampier,Jason Terry,Josh Howard,Chris Paul,Desmond Mason,Jannero Pargo,Rasual Butler,Tyson Chandler,4,1:05,DAL,turnover,,,,,,,,,,Devin Harris,,,traveling,,,,,
Devin Harris,Dirk Nowitzki,Erick Dampier,Jason Terry,Josh Howard,Chris Paul,Desmond Mason,Jannero Pargo,Rasual Butler,Tyson Chandler,4,0:54,NOK,shot,,,,,,,,,,Jannero Pargo,,,,missed,,layup,25,6
Devin Harris,Dirk Nowitzki,Erick Dampier,Jason Terry,Josh Howard,Chris Paul,Desmond Mason,Jannero Pargo,Rasual Butler,Tyson Chandler,4,0:52,DAL,rebound,,,,,,,,,,Erick Dampier,,,,,,def,,
Devin Harris,Dirk Nowitzki,Erick Dampier,Jason Terry,Josh Howard,Chris Paul,Desmond Mason,Jannero Pargo,Rasual Butler,Tyson Chandler,4,0:37,DAL,foul,,,,,,,,,,Jason Terry,,,,,,technical,,
Devin Harris,Dirk Nowitzki,Erick Dampier,Jason Terry,Josh Howard,Chris Paul,Desmond Mason,Jannero Pargo,Rasual Butler,Tyson Chandler,4,0:37,NOK,free throw,,,,,,,1,,1,Rasual Butler,,,technical,made,,,,
Devin Harris,Dirk Nowitzki,Erick Dampier,Jason Terry,Josh Howard,Chris Paul,Desmond Mason,Jannero Pargo,Rasual Butler,Tyson Chandler,4,0:35,DAL,shot,Josh Howard,,,,,,,,,Erick Dampier,2,,,made,,dunk,25,6
Devin Harris,Dirk Nowitzki,Erick Dampier,Jason Terry,Josh Howard,Chris Paul,Desmond Mason,Jannero Pargo,Rasual Butler,Tyson Chandler,4,0:32,DAL,foul,,,,,,,,Chris Paul,,Josh Howard,,,,,,personal,,
Devin Harris,Dirk Nowitzki,Erick Dampier,Jason Terry,Josh Howard,Chris Paul,Desmond Mason,Jannero Pargo,Rasual Butler,Tyson Chandler,4,0:32,DAL,timeout,,,,,,,,,,,,,,,,short,,
Devean George,Devin Harris,Dirk Nowitzki,Jason Terry,Josh Howard,Chris Paul,Desmond Mason,Jannero Pargo,Rasual Butler,Tyson Chandler,4,0:32,DAL,sub,,,,Devean George,,Erick Dampier,,,,,,,,,,,,
Devean George,Devin Harris,Dirk Nowitzki,Jason Terry,Josh Howard,Chris Paul,Desmond Mason,Jannero Pargo,Rasual Butler,Tyson Chandler,4,0:27,NOK,shot,,,,,,,,,,Chris Paul,2,,,made,,layup,25,6
Devean George,Devin Harris,Dirk Nowitzki,Jason Terry,Josh Howard,Chris Paul,Desmond Mason,Jannero Pargo,Rasual Butler,Tyson Chandler,4,0:24,NOK,foul,,,,,,,,Devin Harris,,Rasual Butler,,,,,,personal,,
Devean George,Devin Harris,Dirk Nowitzki,Jason Terry,Josh Howard,Chris Paul,Desmond Mason,Jannero Pargo,Rasual Butler,Tyson Chandler,4,0:17,NOK,shot,,,Josh Howard,,,,,,,Rasual Butler,,,,missed,,jump,24,32
Devean George,Devin Harris,Dirk Nowitzki,Jason Terry,Josh Howard,Chris Paul,Desmond Mason,Jannero Pargo,Rasual Butler,Tyson Chandler,4,0:16,DAL,rebound,,,,,,,,,,Jason Terry,,,,,,def,,
Devean George,Devin Harris,Dirk Nowitzki,Jason Terry,Josh Howard,Chris Paul,Desmond Mason,Jannero Pargo,Rasual Butler,Tyson Chandler,4,0:14,NOK,foul,,,,,,,,Jason Terry,,Desmond Mason,,,,,,personal,,
Devean George,Devin Harris,Dirk Nowitzki,Jason Terry,Josh Howard,Chris Paul,Desmond Mason,Jannero Pargo,Rasual Butler,Tyson Chandler,4,0:14,DAL,free throw,,,,,,,1,,2,Jason Terry,,,foul,made,,,,
Devean George,Devin Harris,Jason Terry,Josh Howard,Maurice Ager,Chris Paul,Desmond Mason,Jannero Pargo,Rasual Butler,Tyson Chandler,4,0:14,DAL,sub,,,,Maurice Ager,,Dirk Nowitzki,,,,,,,,,,,,
DeSagana Diop,Devean George,Jason Terry,Josh Howard,Maurice Ager,Chris Paul,Desmond Mason,Jannero Pargo,Rasual Butler,Tyson Chandler,4,0:14,DAL,sub,,,,DeSagana Diop,,Devin Harris,,,,,,,,,,,,
DeSagana Diop,Devean George,Jason Terry,Josh Howard,Maurice Ager,Chris Paul,Desmond Mason,Jannero Pargo,Rasual Butler,Tyson Chandler,4,0:14,DAL,free throw,,,,,,,2,,2,Jason Terry,,,foul,made,,,,
DeSagana Diop,Devean George,Jason Terry,Josh Howard,Maurice Ager,Chris Paul,Desmond Mason,Jannero Pargo,Rasual Butler,Tyson Chandler,4,0:11,NOK,shot,,,,,,,,,,Jannero Pargo,,,,missed,,jump,2,6
DeSagana Diop,Devean George,Jason Terry,Josh Howard,Maurice Ager,Chris Paul,Desmond Mason,Jannero Pargo,Rasual Butler,Tyson Chandler,4,0:09,DAL,rebound,,,,,,,,,,,,,,,,,,
DeSagana Diop,Devean George,Jason Terry,Josh Howard,Maurice Ager,Chris Paul,Desmond Mason,Jannero Pargo,Rasual Butler,Tyson Chandler,4,0:02,NOK,foul,,,,,,,,Josh Howard,,Chris Paul,,,,,,personal,,
DeSagana Diop,Devean George,Jason Terry,Josh Howard,Maurice Ager,Chris Paul,Desmond Mason,Jannero Pargo,Rasual Butler,Tyson Chandler,4,0:02,DAL,free throw,,,,,,,1,,2,Josh Howard,,,foul,made,,,,
DeSagana Diop,Devean George,Jason Terry,Josh Howard,Maurice Ager,Chris Paul,Desmond Mason,Jannero Pargo,Rasual Butler,Tyson Chandler,4,0:02,DAL,free throw,,,,,,,2,,2,Josh Howard,,,foul,made,,,,
